UniqueCount	AmbigCount
2670	0
10316	17962
45316	14900
172	806
3837	0
1211	0
1294	0
8665	474
0	1
201	1895
3	758
1641	4
2253	0
2641	0
367	1469
48	1472
495	0
15904	0
831	0
1198	0
82	374
0	726
4910	0
4	1602
2459	0
0	258
1178	0
81	613
1232	0
7	1
0	0
0	0
395	0
1	0
41	440
4627	0
0	22
301	0
50141	0
8339	0
0	216
6650	0
44	104
66557	0
12605	0
2768	0
10252	0
24	6759
3167	0
3044	4
0	1071
990	1620
690	1923
491	1620
5	18783
2510	0
441	0
94410	0
15240	0
1327	0
170	0
1089	0
0	2338
3	2540
1	0
9447	0
5	227
254	934
7796	0
1276	0
0	13
0	1
105	619
9	17626
18777	0
64	55
18592	0
696	0
92	231
59710	0
3964	0
176	32
11192	32
89	0
1256	2165
0	2417
4815	0
0	1223
3627	5002
1	35
3668	0
30	2461
2330	0
33082	28
7997	304
915	0
393	0
1573	0
212666	20
30	4087
0	0
1	1615
0	0
3010	0
0	0
748	1549
0	0
0	0
0	0
37729	0
2149	0
39	225
0	56
0	102182
117	0
1	0
2379	9093
3307	0
3814	0
3264	0
163	1324
730	0
241949	9
63449	345
8498	0
1492	324
2879	0
14729	0
3284	0
2876	0
133	5419
4402	0
249	0
1294	0
2377	0
254	6526
1625	0
54	1595
2063	1292
7282	0
586	0
843	0
0	378
0	454
767	0
0	3489
339	0
0	949
621	15976
11575	1
722	0
9978	0
57	0
1227	16
1869	0
436	0
205	0
0	0
0	0
81	122
1791	0
3292	0
0	327
94	678
1528	0
1519	0
7307	0
10002	0
0	686
1356	0
657	0
43713	0
6199	0
10326	0
0	0
107730	1
2070	0
3817	0
24070	0
18	17
113	0
3587	0
945	0
25847	0
66114	0
64	513
35829	0
217	3242
1518	0
49407	0
2302	0
1771	0
2287	0
4862	0
6560	0
2410	0
8199	0
44	405
0	59
1165	0
6499	0
0	1354
4055	0
2000	0
1653	6697
2717	0
138	651
4	0
1	543
3614	5309
0	758
4520	0
10245	0
4205	0
0	0
2689	0
290	1115
69	15
38219	0
10916	0
0	11953
0	796
1148	0
37	853
7403	0
0	3695
2770	0
1893	0
4	504
3759	0
0	0
3395	0
779	0
4775	0
0	1617
6741	0
160	0
719	0
1063	0
0	611
333	0
83	141
0	871
0	1862
1373	0
6978	0
11918	0
5019	19678
5121	0
568	0
0	0
365	547
0	558
0	0
30	83
0	5538
102	1777
1647	2035
0	0
0	507
0	927
0	1971
57270	0
1064	5528
945	3621
17	5164
1370	0
5947	2511
3121	217
452	0
26528	0
21316	5
67	1075
0	4068
7071	0
2146	0
0	0
0	0
0	0
2753	7
7772	0
0	0
4	0
39772	0
0	0
0	0
2076	0
1857	0
1641	0
7306	1
8909	0
4592	0
1984	0
2791	0
34306	0
174	1506
561	8
166	972
715	761
0	538
827	0
1	59
0	44
72	216
21657	0
758	0
12244	0
361	0
4986	0
0	0
119	34
927	0
0	0
2	0
7910	0
2026	0
2497	0
4124	0
0	1
1525	0
0	0
23321	0
0	3
1	3859
1565	0
0	0
2	0
0	0
0	0
202296	0
0	0
2	0
3	0
0	0
7	0
0	0
0	0
0	0
0	0
0	0
1	0
0	0
0	0
0	0
3	0
0	0
0	0
0	0
0	0
0	0
1	0
2	0
0	0
0	0
98	0
0	0
0	0
0	0
0	0
0	0
0	0
0	0
0	0
0	0
0	0
0	0
0	0
0	0
0	0
0	0
0	0
0	0
0	0
0	0
0	0
0	0
0	0
0	0
0	0
0	0
1	0
0	0
0	0
0	0
1	0
0	0
0	0
0	0
0	0
0	0
0	0
8	0
0	0
0	0
1	0
0	0
2	0
0	0
7	0
0	0
0	0
0	0
3	0
0	0
1	0
1	0
0	0
0	0
1	0
0	0
0	0
0	0
0	0
0	0
0	0
0	0
0	0
1	0
0	0
0	0
0	0
0	0
0	0
34	0
4	0
0	0
10	0
0	0
17	0
9	0
2	0
0	0
0	0
12	0
0	0
0	0
0	0
0	0
0	0
0	0
0	0
0	0
0	0
0	0
0	0
0	0
0	0
0	0
0	0
1	0
0	0
0	0
0	0
0	0
0	0
0	0
0	0
0	0
0	0
0	0
1	0
0	0
0	0
0	0
0	0
0	0
0	0
0	0
0	0
0	0
0	0
0	0
0	0
2	0
0	0
0	0
0	0
0	0
0	0
0	0
0	0
0	0
24	0
0	0
0	0
0	0
0	0
1	0
0	0
0	0
0	0
0	0
0	0
0	0
0	0
0	0
0	0
0	0
0	0
1	0
1	0
27	0
0	0
0	0
1	0
153	0
0	0
0	0
1	0
0	0
0	0
0	0
0	0
0	0
1	0
0	0
0	0
0	0
0	0
0	0
7	0
81	3484
1045	0
0	0
4724	0
4122	9
323	0
0	0
0	305
832	937
1	8670
0	0
7060	0
0	0
13	2180
118	2310
7	2339
4296	0
148	2725
2	187
0	79
11765	0
12	1670
379	0
0	0
0	0
627	2702
15	2776
0	0
0	0
0	0
0	0
0	1
2	0
0	0
0	0
8850	2
70	749
5503	23
0	0
11	667
3106	0
6	345
42	0
530	0
93	695
0	0
0	3
0	3
2586	0
0	1
12	6332
0	0
0	0
345	0
536	0
103	1270
0	3
751	0
0	0
68	0
0	0
0	0
0	0
1	0
0	0
11	0
8824	30
7855	0
3368	15
0	0
0	0
3767	0
10	5
3	0
200	2564
872	0
0	5011
11	0
7252	0
1245	0
0	0
6676	0
0	1834
0	1884
6595	0
7358	0
0	0
0	1
445	6000
148	6000
0	0
1036	0
0	0
323	0
0	0
52	2489
0	2
323	4011
0	679
220	0
0	0
32	291
13	0
2428	0
0	0
100	1881
0	0
54	594
0	0
0	0
4736	0
477	0
0	0
909	3646
0	1025
0	957
6332	0
515	1502
4459	0
0	0
1598	0
0	1620
165	1739
476	0
3392	0
0	71
2	0
0	0
0	0
0	0
18	232
15	0
0	0
647	0
5335	0
1240	0
0	0
0	0
2	8
453	0
2	1119
0	0
0	0
0	39
6758	0
483	1296
0	0
1	0
847	0
0	0
0	0
4032	0
520	1065
1978	0
395	14388
586	0
44	1080
1700	0
1907	0
0	0
0	948
0	884
0	585
0	655
17	388
0	0
0	0
0	0
0	0
0	0
9258	0
0	38
970	853
0	766
11	452
0	0
2426	0
1733	3
0	0
4822	0
0	0
137	2491
0	0
1316	0
0	0
0	0
0	0
0	0
0	0
0	0
1	4278
1723	0
19	198
1644	93
0	0
0	0
0	0
0	0
0	0
183	899
175	1437
0	0
0	103
0	0
233	0
0	0
0	0
2817	0
0	0
0	0
2970	0
606	3380
133	0
6069	0
0	0
3	2
0	0
8	82
323	5051
2	0
1322	0
981	0
76	867
0	0
0	3037
794	7719
1	30
834	56
55	339
4359	0
96	1727
0	0
0	0
0	0
1	420
10	0
0	0
0	4
16	988
43	398
0	0
0	0
0	0
192	0
0	0
0	0
0	835
1	0
3	0
0	1
0	3
0	2
0	1
0	2
0	0
0	2
0	2
365	3311
1368	0
1994	0
104	389
1	0
5508	0
0	930
0	0
0	0
11871	0
0	0
0	0
0	0
206	8556
538	2527
251	12497
1539	30253
0	2790
0	0
66	0
0	0
0	1459
250	0
0	0
21	777
2172	0
0	0
342	1394
2	0
0	1
1303	0
66	3768
7484	0
57	421
0	0
1	300
0	0
810	0
274	574
14	9
36	1201
5552	12110
249	12110
137	0
2078	0
3991	0
431	3213
0	0
0	0
47	733
325	0
576	0
3413	0
1345	0
2734	0
2	0
0	0
1	66
0	0
1973	0
1	0
188	0
0	0
0	0
0	0
0	0
119	0
0	0
1485	685
3	1556
1	1492
122	903
0	494
0	0
0	0
105	0
859	0
8535	0
0	0
0	0
4084	0
47	991
0	0
0	38
2	38
24	0
0	0
491	0
0	145
0	0
476	0
733	0
115	1352
30	2333
0	40
1299	0
0	0
0	0
0	0
0	0
0	0
0	0
0	0
0	0
0	0
0	0
0	0
0	0
0	0
0	0
0	0
0	0
0	0
0	0
0	0
0	0
0	0
0	0
0	0
0	0
0	0
3	3
1020	0
781	184
11	943
0	2767
436	2689
1	224
424	496
0	0
0	0
0	0
0	0
0	0
0	0
0	0
0	0
0	0
0	0
836	5
0	0
1433	0
0	9
0	7
0	0
76	2
3	12
0	134
169	2052
0	0
1	0
0	0
0	0
0	0
0	0
1272	11624
1097	0
5	0
1685	0
0	647
127	166
4	0
467	7976
89	4644
0	2
0	0
0	2439
0	0
0	1
0	19
70	0
1007	0
0	1090
0	0
0	0
9603	0
1213	0
566	14
45	1410
13	960
5099	0
0	847
4	456
417	101
0	0
3003	2317
0	0
19	407
0	0
0	0
1362	0
42	381
10	671
0	7
0	0
0	0
1	0
0	0
1	133
1	0
93	1446
82	1446
0	0
0	0
0	0
2376	0
0	0
0	0
0	0
0	0
131	713
4870	0
2061	0
614	0
1	3622
2138	0
4158	0
1	0
692	177
0	0
0	0
0	0
35	285
0	0
0	0
0	0
0	0
4475	0
1	0
0	0
1	0
159	920
1	0
0	0
0	0
3001	0
137	0
0	0
386	0
1	0
123	0
0	0
0	0
1586	0
2220	0
685	680
131	680
115	100
1510	0
1	0
1	2
1795	0
78	955
0	0
0	0
730	0
34	0
0	0
41158	0
0	0
7	0
645	0
0	1797
1076	0
0	0
0	39
0	0
4756	0
1766	0
0	0
3	0
0	0
69	875
0	0
96	514
4235	3
0	0
0	0
0	0
1154	2128
0	0
0	0
28	2653
19	0
0	0
0	0
0	0
0	0
0	0
43	1326
598	0
5	0
4	0
0	0
0	0
0	0
2	1
80	0
0	0
4248	0
8	918
0	1116
101	880
976	0
0	0
0	0
346	0
157	2288
28	9372
0	0
0	0
1349	0
2265	0
0	1
0	1
35	571
117	48
4503	26
3269	3230
2557	0
3976	0
8273	0
28	2480
10	43936
44	150
0	0
0	0
16	0
73	3016
163	2225
0	0
0	0
0	0
1	0
102	1106
97	4426
222	4428
11	95
44	918
27	991
539	0
0	0
348	2161
291	0
271	151
0	134
379	2242
384	1797
4082	0
30	247
123	0
99	0
13	154
96	472
4699	0
1506	0
302	57
4	0
0	0
0	0
0	269
448	110
0	0
0	0
168	2459
1439	14538
0	0
1	0
0	29
0	0
0	0
3	1
841	0
2772	2
0	0
64	660
0	0
514	5196
216	1813
1	3436
72	0
0	0
57	741
12073	15
2829	0
0	0
54	382
0	0
16	72
3364	0
0	0
0	0
0	0
806	2673
0	0
4001	0
6396	0
36	10923
0	565
7482	0
19	0
1	801
2585	2552
10	0
74	40
234	2647
49	6622
520	6622
649	0
1	0
2020	0
1547	0
689	6179
351	0
0	0
3656	0
2	0
0	0
0	0
67	399
0	0
23016	0
98	4068
170	1308
2259	0
0	0
1109	0
0	0
0	0
0	0
0	0
90	1373
29428	0
188	2233
189	0
1	0
0	0
187	0
0	0
69	1
0	0
642	0
4	0
0	0
0	0
0	0
5	0
0	2
1	0
0	0
1	0
0	61
0	0
0	153
0	155
0	147
580	0
3124	0
0	0
0	0
0	0
1067	0
0	0
0	1040
273	0
239	3982
158	723
1999	0
648	0
2579	0
237	3127
74	3127
0	0
0	0
0	0
0	0
0	0
0	0
9	13
380	0
0	0
1867	0
0	0
108	892
4	1245
0	760
553	0
85	1099
24	2469
532	0
1303	2157
3470	0
0	0
0	1767
0	0
73	1059
0	0
1557	0
109	2029
23	633
0	0
0	0
1	0
990	0
0	0
1833	0
0	0
627	0
2041	0
997	52
4	36
0	0
1514	0
1573	8759
15319	8763
0	157
0	176
2267	0
194	246
1261	0
69	717
4	22
544	0
29	680
3	330
160	0
0	1
4048	0
0	0
0	0
27	376
23547	0
5	0
4	801
2674	0
129	738
126	1309
14123	0
1243	0
0	0
210	1356
54	441
2002	0
2	0
0	0
0	0
1903	0
0	0
1576	0
7	208
129	1110
2065	21
977	0
0	0
0	1
0	3
0	1
39	1967
1	126
125	0
0	0
1684	0
404	0
0	0
0	0
520	0
245	0
0	0
814	0
0	0
0	0
452	5740
2097	0
0	0
0	0
1	194
0	0
0	0
1534	42
0	0
0	0
2	548
5	602
2083	0
1	3
0	0
5702	0
0	0
0	0
0	0
1122	0
318	2063
1729	0
85	43
1588	122
0	0
28	327
105	0
2	0
0	3
1	3
0	0
35	737
0	11
3	0
0	0
0	0
160	0
0	4
20	0
0	0
889	2124
94	0
0	0
367	0
1239	40
2911	0
0	20
231	997
308	0
0	0
13000	0
0	0
956	0
10	0
0	0
0	0
2740	0
4149	0
6434	0
4	2552
0	2854
2	2415
559	5893
139	5893
3304	4
1708	0
180	1880
2196	0
60	2490
767	3
0	0
5145	0
0	0
0	0
0	0
4	0
0	0
2687	0
2182	0
19	457
0	0
1	0
0	0
0	0
591	920
3350	0
71	323
0	0
0	0
0	714
0	0
1257	0
0	3763
259	1446
9	720
1	1288
0	0
0	0
0	0
0	0
0	0
0	0
489	0
26	0
140	457
0	0
8	0
797	2
0	3213
2563	0
799	0
1950	0
0	0
0	0
0	0
0	0
5	23559
0	0
0	0
25	0
0	0
0	0
108	3942
0	3
2	0
0	0
2786	5092
0	0
42	486
1	475
5714	0
0	0
3406	0
29	2041
7007	0
3409	0
3742	0
0	0
0	0
0	2035
0	0
67	574
1	0
240	0
320	3140
1572	0
0	0
0	0
10	2
0	0
0	0
0	0
18654	0
0	865
23	689
3322	0
2	578
7	0
1	6
80	1850
4678	0
152	810
0	0
3419	0
37	742
1499	0
19644	22
0	0
0	1898
5214	0
3	0
2	0
1	0
0	1
36	146
0	0
0	0
0	0
1132	0
0	28
0	1615
0	0
1946	1141
9157	0
12	1227
3	1267
431	3205
1101	1
33	399
0	0
715	0
0	0
0	0
187	6113
136	2
1049	0
0	5
118	2711
640	2712
40	660
1	79
15	8
10818	0
807	0
5202	0
0	358
2934	0
0	0
0	0
0	31
26122	0
229	2522
47	2289
31	2283
11	2282
40	2278
5332	0
0	0
1886	0
0	0
0	4
14	0
0	0
60	898
2	471
0	0
15	664
35	2198
43	1624
3	80
0	0
493	2421
0	4
2319	0
154	1508
27	95
0	2
0	0
1105	10
1324	0
12619	0
1505	0
0	0
2	0
1017	0
0	856
684	58
0	1526
1458	0
0	0
0	0
0	0
0	1
76	644
18408	0
65	2624
806	2948
2	4
1267	0
4814	25
1990	0
0	0
0	0
60	736
0	0
0	0
3313	3
80	1208
8	4117
1	0
160	1592
1579	0
127	5414
425	1618
3624	0
2493	1
3	3624
3839	3
309	1954
2	3
4084	0
0	2
0	2
0	2
0	0
5	0
14	176
0	2742
0	3548
85	1758
512	0
0	5460
16116	15118
1	0
0	0
16	0
859	16
148	368
110	5357
2672	0
0	0
4	0
2248	13593
941	2485
6	5026
7	240
0	0
26	2351
167	411
49	987
430	0
60	91
9	5805
1492	0
19967	0
3	10
0	0
459	658
166	1883
8	720
712	0
3	245
0	0
277	1007
5	10
6679	0
0	3807
0	3262
0	0
461	2550
3	3174
552	67
6	67
1426	21
0	0
882	0
1305	0
0	0
24784	0
0	5
38	0
3	0
380	803
261	617
2	0
999	2
734	0
4	4
4	0
190	2458
5563	14
36	181
954	0
421	0
271	183
193	2350
11	0
44	557
1421	0
0	0
0	0
71	0
0	7
437	4038
4	2214
160	0
708	0
1142	0
0	0
49	2486
947	0
8505	0
12926	0
6901	0
7	0
1918	0
0	0
167	983
1530	0
2685	39
543	2697
42	183
149	7
2626	0
0	0
0	0
257	8868
41	79
1196	1270
1	5377
64	1448
4810	0
80	566
15105	0
0	0
0	0
3	0
0	0
0	0
0	0
1	0
0	2097
643	1947
59	3000
2	74
2024	0
0	0
1968	0
376	3983
42	1341
0	0
3175	0
0	0
0	0
59	1393
17	6557
207	1286
0	0
0	0
1950	8
1999	645
53309	0
1	0
0	0
53	5308
2	0
0	0
0	0
0	0
3378	0
0	1488
31	108
0	0
3706	2
2326	0
863	0
0	0
9171	0
0	0
0	2603
11	2280
14055	0
2537	0
571	6273
38	33
0	0
1264	0
883	146
2616	5
1323	0
0	0
0	0
2428	0
1	265
271	8456
0	1861
15	930
0	0
20423	0
21	112
295	1640
2144	0
557	0
0	0
20	46
17678	30
6	30
0	0
0	0
10	0
306	171
0	0
2	23
59	378
27121	390
9	0
1	0
4211	0
5528	0
0	0
0	0
377	0
7	0
2455	0
924	0
239	417
28	64
825	0
44	495
0	0
0	0
0	0
0	0
3	0
580	0
0	0
380	54
0	0
0	0
3	0
0	0
0	0
1613	0
0	0
21	0
0	0
0	0
5701	0
536	0
0	0
0	0
3172	0
121	1053
0	0
4	533
0	0
0	0
0	0
0	0
0	24
99	285
0	0
0	0
3	0
12	0
0	1368
13	136
3373	0
253	0
1	0
536	6363
661	770
8	1346
0	4916
53	4488
23	4496
0	2083
0	2020
0	1837
0	1905
0	1950
187	888
633	4660
2	0
130	1121
28	1121
3513	0
0	0
2961	0
0	0
0	0
0	0
0	0
71	138
2	432
0	0
5	151
201	5491
1639	0
111	51
0	2
0	2
1497	0
5213	0
240	2647
318	2502
0	0
0	3
0	6963
600	0
29847	0
58	498
72	306
0	562
230	0
0	0
761	0
1598	0
0	0
20	85
0	0
0	0
29441	0
0	1
898	16
3	1681
2	400
733	0
0	0
2699	0
0	29
873	5625
1609	39
0	15
0	0
1044	0
0	0
0	127
4	277
0	0
3727	0
94	654
179	653
147	7282
151	390
1493	0
50	1572
918	7621
473	0
85	703
84	13565
4	13651
1155	13281
3	13508
2	0
1192	1
38	254
404	0
0	0
0	0
245	0
422	0
645	109
0	109
3541	0
0	0
240	709
1106	0
0	0
0	0
0	0
0	0
0	0
0	0
0	0
0	0
245	98
1135	0
0	0
232	640
666	0
2	0
0	0
1424	16806
1	0
36	464
3	142
4	142
1793	0
32	0
0	2
308	5278
5	2001
2021	0
115	2989
3	1
0	1
0	0
0	0
0	0
0	0
0	0
29	893
0	0
0	0
0	0
8714	0
1623	0
0	0
129	1426
140	1133
36	535
946	0
0	0
0	0
0	7
7068	0
0	0
21	0
0	3
363	1067
7761	121
0	0
0	789
0	333
0	0
0	0
6	2007
0	0
0	0
0	0
0	0
26	931
0	0
0	0
831	0
24	377
1086	0
341	0
185	188
23085	0
0	0
300	0
0	0
8152	0
102	1666
24	2
1063	0
5305	0
0	0
3964	0
77	192
2	94
1873	0
335	0
0	0
2687	0
0	0
3037	0
0	0
0	0
11	909
827	0
0	88
0	88
32	473
0	0
0	0
114	11
1284	8
598	0
854	0
3	86
0	0
95	2861
1210	0
1	0
0	0
0	0
5885	3
77	3
0	0
1	0
37	0
12	2852
458	0
73	776
23	1846
879	6201
5	0
0	0
1896	0
603	0
0	0
1985	20
0	0
10126	0
0	0
0	606
6	0
725	1318
48	3007
0	2919
6967	0
8463	0
6207	0
0	0
1	353
23	5
0	0
0	0
0	0
0	0
27	439
0	0
0	0
56	0
0	0
3	0
1135	0
161	1119
233	779
165	890
930	0
2418	0
0	904
2	0
0	0
51	2065
4064	0
1	0
1542	0
6	881
39	27
0	0
0	0
0	0
429	1066
53	313
360	2348
436	13319
1	0
222	2437
1	0
0	0
0	0
2379	0
53	40
1	40
55	138
54	190
0	0
252	3191
180	1348
52	203
0	3
0	0
0	0
0	0
4	0
0	1
931	0
1940	0
0	31
0	0
0	0
325	227
0	0
6	0
0	0
0	0
2416	0
67	858
61	79
0	679
5	0
0	330
0	0
0	0
19	962
350	5942
0	0
0	0
765	0
0	0
0	0
0	0
0	0
0	0
123	455
105	1364
30	0
0	0
0	0
0	0
0	0
266	552
9388	0
23	0
344	3865
138	3865
0	0
4612	0
9	93
9868	0
1247	0
0	5
0	0
11130	0
1	0
3	1476
106	2341
0	9
18009	0
1436	0
1295	0
1168	0
4	5608
6313	0
4	266
789	955
0	0
0	0
1	0
173	4820
1987	0
0	284
91	906
83	615
0	457
0	0
52	2522
0	0
969	112
2250	0
0	0
0	0
644	0
0	0
0	0
185	0
382	298
200	6978
48	704
0	0
0	0
0	0
0	0
306	942
1804	0
0	20
1	0
40	1407
7	0
1118	3282
1436	15156
0	0
0	0
0	0
0	0
1847	1
0	0
0	0
0	0
0	0
0	0
95	1470
1239	0
1117	0
0	0
11	372
150	965
46	569
76	8394
0	841
0	0
0	2095
277	1858
168	1755
0	0
0	0
2	0
4299	0
0	0
2	0
0	1618
30	1866
2183	0
1437	583
5478	2392
37	0
637	3928
50	3928
1	0
17	416
0	0
1618	0
1805	0
1	376
192	1911
3	11344
0	0
0	0
0	0
0	0
90	1094
0	1133
294	0
132	1076
238	1278
53	902
435	0
35	6717
27	225
0	3625
210	0
0	0
576	0
320	513
12427	0
0	0
0	0
0	0
4	0
1	0
51	67
149	1090
14884	149
9701	0
183	13003
378	0
9	2079
5389	0
4	0
56	916
0	0
0	0
3	50
0	0
489	6491
0	0
0	0
0	0
0	0
1235	0
1538	0
8	0
24	0
11	0
0	0
6	1384
0	1342
6734	0
0	798
2141	0
140	1556
5	818
0	0
0	0
0	2360
4	2895
0	0
6750	0
2	1965
0	0
0	0
1675	0
0	0
20	522
930	0
2183	17
560	3709
2	0
535	0
863	0
1442	0
0	0
1356	87
0	0
584	0
0	0
0	0
0	0
126	721
4185	0
3214	0
1	2259
0	0
2202	0
1300	0
0	0
0	0
1591	0
494	0
28528	2
0	0
0	0
6097	0
254	0
3244	390
97	2993
2023	0
294	2872
164	0
808	0
0	3003
64	139
0	2866
0	209
1534	0
0	0
0	0
0	0
0	0
1597	0
2836	0
1305	0
3	0
1873	14
0	0
0	0
0	0
356	4880
3	0
2256	2
6910	11
519	2
5458	0
1	0
1987	2
0	0
283	0
17	423
45	1611
2	43
2864	3631
1	2062
349	0
3921	2
3	0
0	0
0	0
0	60
714	0
1728	0
0	1371
0	0
309	318
4757	0
0	100
8	205
281	480
0	1709
898	0
914	6394
236	5460
0	0
1472	0
1041	0
6299	135
0	0
25	92
375	92
0	0
0	0
0	0
0	11
18	422
499	422
9901	0
2674	0
0	4
1	396
290	3605
2	0
1278	2320
1867	0
0	0
3782	62070
3	0
15	61
3065	0
1	0
0	0
299	0
5	5
1318	4
0	3907
0	3594
0	0
0	0
112	0
288	1336
9	1119
122	1097
31	2429
690	0
19	269
2313	0
1229	4159
1	2
118	2236
1	0
304	2268
2196	0
0	27
0	0
18	52
0	0
0	62
0	62
0	62
0	0
5097	0
408	5443
3707	0
1	5
0	0
0	0
1886	0
3245	0
3413	0
179	1221
893	0
133	1392
1355	0
4442	0
1773	0
0	59
4	1128
50	1166
398	11613
1099	11613
28	608
0	3483
0	3417
16	0
2213	0
1030	0
0	0
2155	0
83	2925
892	0
0	6
8	6
9724	0
1036	0
0	0
0	0
1430	0
0	0
0	16
102	6724
2392	49
230	1018
27	409
1360	0
486	0
13	131
0	0
0	0
0	0
0	0
0	16
1	0
8753	0
0	0
3	0
111	0
11	78
0	0
0	0
6576	0
189	0
0	1395
842	0
10574	0
22	292
838	0
491	0
0	0
0	0
0	0
0	0
42	0
0	0
0	1
592	0
3374	0
35	388
0	0
0	0
0	0
105	407
0	0
0	0
0	0
0	0
0	0
0	0
0	0
1223	457
531	1389
0	0
5436	4
7850	0
0	1
241	144
0	0
0	0
0	0
0	1722
158	388
178	465
0	1
22	1158
0	24
19	0
903	2837
8	61
72	834
6902	0
0	0
3	0
42	51
8	25
112	25
2	12
975	0
13	0
3909	0
430	0
698	0
6	0
820	1036
118	3971
137	1433
185	778
19	200
0	0
0	1044
14825	0
125	525
226	1197
0	0
3	33
1628	67
2	3196
104	1123
3734	0
0	0
282	0
682	0
1625	0
195	2676
22	2676
134	2463
84	1742
10366	0
31	1454
933	851
0	0
0	9
0	0
0	0
1	184
2129	0
0	1
0	0
0	0
0	0
0	0
0	0
2837	0
7	212
0	0
5150	0
11	165
2	0
0	0
23	6
35	1257
74	918
648	0
4931	0
1838	0
3196	5
1	0
0	0
1416	0
15344	0
1	0
3910	0
7	0
16761	0
9534	0
10	14
0	0
74	0
0	90
40	0
0	7356
0	3987
0	4208
413	1024
18	977
97	2528
1	205
8170	875
1742	0
3602	0
12	5199
64	4591
5	4490
233	288
3131	0
0	1323
0	1178
0	1284
137	3
48	3945
1	184
0	56
3708	0
10250	0
11	1988
0	1
85	0
1	10
0	0
153	327
4705	0
7	3584
0	2
0	0
0	0
2956	0
2143	0
10235	0
0	1122
689	27
0	92
0	2034
1578	0
2	0
1	2
2728	0
2669	0
401	6154
7211	0
134	2007
3432	0
51	942
1	39
0	0
2209	0
1	0
1380	0
1267	0
1	0
0	0
0	0
6941	0
2	0
6933	0
3443	0
0	0
0	0
1	0
9634	0
2969	0
0	726
0	0
38	1028
1	961
2	909
296	4773
12	2779
52	383
741	0
110	1442
502	2414
768	0
1	28
549	5029
923	0
115	41
3	2037
70	2031
36	1997
63	0
843	1577
13	0
0	0
1827	6886
0	0
0	0
0	0
15848	0
4405	0
300	2458
0	52
0	0
0	0
0	3869
0	0
0	17
6819	2
0	0
0	0
0	0
0	0
0	0
3670	0
504	735
48	2706
0	0
1263	0
1	819
0	1902
6	644
103	305
208	0
1107	0
0	0
0	2
416	1015
2344	0
30	356
0	0
1083	0
148	3837
229	2164
227	1906
1	0
1270	2846
3417	0
3	0
893	2
0	0
7	0
0	24
1	0
1	0
2218	0
15	2800
324	0
0	0
292	1378
366	3722
0	22
6333	0
25	421
59	259
4334	0
232	1809
2	1
3492	0
257	122908
0	0
0	0
475	0
1300	0
36	0
12634	0
0	0
1976	1
4209	0
2	239
2	0
1	0
36	352
0	0
11	0
101	529
0	0
1657	0
0	409
0	0
580	0
901	0
2221	0
327	7517
11	73
4466	17
56	1590
439	0
0	1
0	0
0	620
0	0
120	8048
166	137
210	999
1868	0
2899	54
0	41
0	0
0	66
0	0
0	0
359	0
0	0
738	0
1839	0
3	226
1394	0
0	0
29	1071
0	0
0	0
0	0
0	0
5082	0
0	0
0	0
64	2
4	0
38	0
4	0
0	0
0	0
0	0
98	620
882	73
0	0
2	0
3	0
1	0
0	1
0	0
0	0
1542	2860
0	0
0	0
0	0
0	0
0	0
0	0
1512	0
0	0
0	0
0	0
0	0
0	0
0	0
469	1
0	805
25934	0
1881	26932
115	0
0	0
0	0
0	0
0	0
0	0
0	0
5166	0
803	0
0	0
0	0
0	0
3212	0
0	0
120	904
0	40
0	0
8	86
5064	0
7	0
0	0
0	0
0	0
0	0
185	2149
1	238
5	261
6416	0
112	1069
1174	0
0	0
165	0
1468	0
0	0
1	39
0	3529
82	2899
10	1149
1	1148
1886	20
206	0
0	0
16	1575
20	0
375	2280
0	0
13250	0
0	1461
130	230
1	18
22	0
0	0
0	0
620	6101
160	6101
8310	0
0	5
160	0
0	0
567	0
0	552
37	494
0	0
9	0
57	0
0	0
216	0
24	0
0	0
1	0
125	3176
176	3176
68	780
70	241
0	0
68	1626
628	0
2	0
8	385
1746	0
438	937
1	0
19	250
0	0
0	0
83	369
0	24
0	0
0	1
0	0
0	2177
1083	0
28	4546
0	0
162	3727
0	0
0	0
13	0
10507	0
0	0
0	0
1436	0
0	0
2	0
0	0
2509	0
5469	0
0	0
0	0
603	0
0	0
0	0
0	0
0	0
0	0
0	0
0	0
0	0
0	349
0	10
11216	0
93	7868
0	0
0	1380
68	2760
3653	0
0	47
0	0
0	0
1847	0
0	0
2382	1
846	0
0	0
2006	0
0	0
0	968
0	947
119	865
76	206
3055	0
0	3
0	0
2617	0
2702	0
0	0
0	0
0	0
0	0
0	0
0	0
1115	0
242	1
157	0
62	0
0	0
1208	3416
8	2627
120	1541
1	0
627	0
0	0
0	0
32	0
2401	0
45	745
569	2965
3941	0
2719	0
5590	1
767	0
21245	1
112	98
0	0
25250	0
0	4067
102	3047
0	0
215	1571
1	0
211	1332
0	0
5	0
0	0
2622	0
0	0
0	0
0	0
0	0
223	1036
1761	5454
17	29
5805	0
15	0
28	0
0	2272
10	0
1	2
7702	7772
743	9356
235	9416
1770	0
24	0
0	0
0	934
105	1055
1915	0
0	0
2361	0
0	2
1531	0
149	0
4858	0
38	1578
3698	0
6	176
4216	0
529	459
70	630
7671	0
932	0
0	0
53	1320
4060	23
4	0
0	13
511	1336
1378	0
965	0
1	3
0	0
2	0
1592	0
1194	0
1931	0
80	915
0	0
0	0
333	1832
0	4
139	2470
60	7782
20	245
430	0
0	20669
0	0
2295	0
194	3335
0	1
809	0
79	500
0	0
32	3331
8	606
10559	0
0	1072
421	6276
180	1268
183	315
2662	0
5495	0
0	104
222	0
2510	431
121	1283
8	214
18	1983
0	0
0	0
748	0
171	0
1134	0
4719	0
140	1582
23	365
0	0
4	0
0	0
0	0
0	0
29	7003
42	0
0	0
3058	77
0	16
0	0
8	0
0	0
0	0
0	0
0	0
297	3
125	4007
2	0
0	0
2368	0
1706	0
0	0
0	0
0	0
2921	145
1270	1
0	0
0	0
0	0
3	0
0	0
0	0
0	0
6	4
0	3233
0	3294
0	2987
0	0
590	3800
0	0
0	0
0	0
0	0
0	0
0	0
0	0
121	48
0	0
1	0
1	0
0	8
0	0
0	2154
161	13907
0	0
0	0
0	0
0	0
0	0
0	0
125	9239
31	2340
0	0
0	0
65	746
4578	0
0	15
0	0
0	0
0	0
9346	0
0	3
1916	0
929	3877
228	850
1	0
0	0
0	0
3	0
0	0
0	1
0	1829
7626	15
0	0
0	0
2515	0
2521	0
188	0
8	4
1083	3
0	0
0	0
144	2006
0	0
0	39
19589	0
1139	4153
191	4153
0	0
698	0
1049	0
0	0
263	2728
0	0
0	0
1679	0
0	0
0	0
21	0
138	13
0	0
3	0
0	0
0	0
0	0
0	0
0	0
0	863
659	0
107	0
2388	14
0	0
65	961
0	0
0	0
12	3342
0	0
0	0
365	2138
3023	33
2	0
97	762
1686	0
1	3034
0	0
0	0
0	0
1592	9
521	0
1	0
1144	0
380	825
0	6
0	6
0	0
1	0
0	0
2415	0
412	0
4551	0
0	0
0	0
5636	0
985	3
3674	0
2	770
17	731
0	635
995	0
0	0
1329	0
5371	0
5316	22776
133	36
0	0
19	0
0	1
1637	0
0	1388
35	1259
1854	0
590	3349
21	458
840	0
0	0
0	0
0	1885
3	0
63	326
23	184
3877	0
0	0
1151	26
3110	0
0	0
76	1010
0	0
1	0
0	0
0	0
0	0
572	1067
0	0
9	0
14	0
0	0
1982	0
27	1263
1	4
14571	0
1	0
6	0
0	0
0	0
4183	7
349	0
2591	0
895	0
0	1
0	0
0	0
0	0
0	0
533	0
6316	0
0	0
0	0
0	0
1391	0
0	712
266	1034
0	0
668	5123
66	1218
29	1861
0	13649
8821	0
1	165
10772	0
444	8666
0	11
3839	0
1104	0
0	0
232	0
1	0
1850	0
0	0
0	0
351	54
1	0
0	0
0	0
14600	0
0	0
74	0
0	0
0	0
0	19
0	0
0	0
0	0
0	112
1444	1
0	0
0	0
1	0
0	0
0	0
0	0
0	1
0	0
8	1
50	0
0	0
0	0
0	0
0	0
0	0
1	0
0	0
0	1
0	1
0	0
0	0
146	0
0	0
9059	0
5066	0
50	0
0	0
0	0
469	2679
0	0
0	0
0	0
11623	0
0	0
1561	0
722	0
1136	0
3691	0
454	766
745	0
163	3434
21072	0
10	188
1	0
1020	0
0	0
1316	0
0	664
0	0
8672	0
0	59
125	1574
0	0
0	0
63	552
63	590
32	90
0	0
296	894
1065	0
39	0
30	0
1665	0
118	31868
583	1613
27	318
171	1
366	1121
512	0
1259	0
0	0
11	65
0	0
0	0
0	0
160	1362
1452	0
2623	0
259	0
0	298
747	0
2159	0
127	226
76	253
48	0
1730	0
0	22
272	580
6	2693
0	0
22	0
127	1828
26	1708
53	486
1386	0
767	184
0	2
12732	0
0	0
0	0
397	653
1121	0
3643	0
58	3324
200	3589
37	551
38	342
0	0
1	0
0	2560
653	0
46	595
0	480
694	0
0	0
1902	0
150	6000
3	0
0	3
369	992
0	0
0	0
0	0
0	0
44	0
0	0
19	0
0	2
0	2
0	2
0	0
0	1
147	0
0	1314
1425	0
203	0
0	2
72	0
1459	4783
4	0
1	0
248	0
70	1605
0	0
7126	0
1177	0
114	1233
0	3255
325	3024
1	0
0	424
41	410
709	0
0	0
4	0
1	0
0	2422
0	0
25	694
2796	0
0	0
0	0
64	1801
330	2316
474	1887
17040	0
425	0
47	4497
3	0
201	1459
1072	0
3925	0
94	3815
0	0
302	426
0	231
2612	0
12312	0
22	0
7890	15830
205	15830
26929	0
0	1518
0	566
3	0
2097	0
0	2
0	0
0	0
0	0
0	0
0	0
0	0
0	0
0	0
0	0
0	0
7	0
53	412
1582	0
2	13
108	0
291	665
0	0
0	0
0	0
0	0
0	0
0	0
2265	0
0	868
5460	0
1	0
1429	0
0	0
0	0
21	469
1071	0
2	0
0	0
1161	0
4538	0
99	160
182	1037
74	0
11469	16
0	0
9594	0
7	3436
108	6177
5275	0
18739	0
2	0
390	0
0	0
0	0
0	0
0	0
0	0
5	153
8	5858
0	1102
0	0
0	0
33	0
0	0
476	0
0	1
2026	8267
778	0
1258	0
0	0
0	0
1	0
803	0
68	880
0	0
3099	17184
45	707
2097	0
0	0
3	22
0	7050
0	6293
515	6758
0	0
0	0
0	0
29	967
0	0
27	795
6246	0
5	0
0	0
0	0
16	0
1710	0
0	0
304	0
7	2831
30	474
97	1095
0	675
0	2
0	2
811	0
0	0
0	5
0	5
0	0
0	0
0	0
0	6512
165	124
854	0
342	1545
33	713
5105	1
1	6
321	0
684	0
268	8839
215	933
30	0
0	0
1755	0
121	4525
3	689
0	0
0	0
0	155
7536	0
0	258
4	243
0	0
0	0
21	0
0	30
0	0
1745	0
6632	0
3226	0
0	465
872	0
1383	0
0	0
944	11
2011	5
1889	11
1939	0
154	1412
0	7294
84	1763
0	0
2	0
18386	0
381	1040
1	0
9	0
3154	0
28	4212
245	691
184	711
551	0
1564	0
0	0
0	108
0	1308
1222	0
27	402
54	1659
77	2213
4716	0
451	0
68	2482
73	90
24	1897
0	0
0	0
0	0
1388	3
1315	0
479	1131
0	0
6231	20901
0	0
430	0
0	3716
0	0
907	0
0	0
0	0
17	0
32	0
234	1038
2182	2
0	0
66	13351
9	6
1358	31
3564	0
0	0
2	0
708	6794
0	0
1422	0
0	0
428	0
103	0
0	0
0	0
0	0
0	0
0	0
0	0
42	3
286	3929
8	3932
0	0
0	0
0	0
54	1254
63	1293
0	1
2	9
143	2205
0	2226
0	0
4	0
457	70
24	0
1	0
6	0
6	0
0	0
119	1014
232	299
8	14
125	196
2372	0
3051	7
0	50
55	2040
0	0
1	0
0	0
14	1089
409	1089
2248	0
0	0
0	0
103	1028
0	0
0	1711
1063	0
0	0
40	1338
54	1983
59	307
79	1132
0	0
41	469
2380	0
519	0
0	563
0	0
0	0
0	0
0	0
0	38
10271	0
2185	0
0	0
771	0
1111	0
0	956
0	0
1527	0
12	14
0	0
0	0
0	0
0	0
548	1055
248	110
0	0
0	1
4359	0
0	0
86	1135
96	2196
85	3
974	28
0	4149
9716	0
7	114
5912	0
17	3363
25	128
1	3166
1486	0
10	6206
3360	0
0	0
10494	0
3898	14
2552	0
137	0
7258	0
1600	2
0	8781
723	8202
0	0
0	1320
45	2029
122	1986
379	0
807	54
0	0
424	2
1748	0
0	0
2086	0
2511	0
0	0
0	0
0	2047
0	0
0	0
107	510
3	878
0	0
0	0
41	10
0	0
20	0
0	1820
1070	0
23	143
0	0
0	0
3531	18
1	0
116	146
1930	0
36	1177
0	0
0	0
42	108
0	2547
232	2350
0	3596
0	4
1102	0
0	0
6	0
0	0
3092	7
0	4
0	3
0	4
0	1
1071	404
0	13
0	0
0	0
0	0
0	0
0	0
0	0
0	0
0	0
1	0
0	0
0	0
15	0
1081	0
3613	0
79	260
0	0
1686	0
0	0
0	0
0	0
0	0
1	0
0	0
0	0
1688	0
214	6101
1	0
0	0
122	691
1084	0
1	1
931	0
2910	0
13	30
11	72
0	0
110	0
93	126
0	0
0	0
0	0
0	0
0	0
7	0
0	0
0	0
0	0
0	0
314	530
0	0
0	0
1	0
0	0
0	0
0	0
2	0
0	0
0	0
0	0
26333	0
334	0
891	0
1509	0
0	0
3272	0
1	0
0	1
0	0
0	0
0	0
0	0
0	0
2604	7607
995	4088
924	0
1	0
2567	0
0	77
671	0
153	2755
48	1822
7	1795
64	111
1640	0
0	0
6652	0
581	0
32	269
7	1879
2698	0
363	6
12	0
542	2273
370	2273
0	0
433	33
0	0
147	5083
0	0
324	3173
556	3271
0	0
0	0
13	0
818	7299
1246	5
109	1207
2027	0
0	0
0	0
0	0
3139	0
0	0
0	0
390	2505
5	1
104	2577
3434	1
3	4
0	0
0	0
0	0
0	0
227	2510
0	0
572	0
0	112
2	114
0	117
0	470
0	462
148	415
923	0
0	0
1	0
80	800
3	0
7	1405
114	2191
22	18
0	1066
0	1107
112	235
2404	0
1482	0
0	0
2652	0
1692	0
2668	0
3	0
112	481
0	1807
0	1939
94	385
0	0
2504	21
0	0
423	0
0	7
487	0
0	0
4	486
0	0
39	0
380	0
6	28
0	0
937	0
49	0
271	9
114	19
195	256
105	613
197	2745
949	0
88	884
1002	0
7	106
255	0
100	0
0	0
0	0
0	0
405	6633
4	0
6	0
842	0
3595	207
14	610
0	0
3	778
2285	0
0	74
1227	0
120	1597
101	169
193	306
383	0
2004	0
954	10383
225	10383
143	1356
0	1308
465	716
93	1407
3	1407
65	0
1561	0
0	483
0	9303
0	1559
0	11213
4	0
8344	29
826	2034
3826	0
0	1
0	1
121	5298
0	664
237	4059
233	2518
5284	0
105	3628
447	0
3	0
0	0
16096	23116
39851	0
2217	0
11	0
2972	0
0	0
3136	0
33	10
733	0
1359	0
1288	0
0	4878
9	0
0	0
0	0
0	0
0	0
1672	181
0	10
0	10
0	10
3	1064
409	4557
3919	4299
1	0
1220	22
0	5209
2	419
213	126
274	1709
69	1709
0	3835
0	3798
0	0
0	0
47	2920
0	0
15	53
106	2415
0	0
849	1801
15	0
107	0
37	0
412	0
298	2823
155	1206
3178	0
1195	0
1563	0
17	0
95	1054
3	481
26	481
2388	0
0	0
351	1882
0	0
0	0
662	0
183	1078
2	4763
10	5136
0	2
0	2
18	2
0	0
1672	0
0	0
100	13
0	0
455	0
5937	0
0	0
1438	0
0	0
5023	0
0	0
384	0
0	0
0	3
0	6
3746	0
0	345
0	0
42	282
2	1919
899	213
351	694
9	309
1	328
0	0
7	4
40	1492
0	0
0	0
8160	0
4	4295
46	3842
0	0
20637	0
29721	0
2733	0
0	0
0	0
4295	0
4506	0
4178	0
100	5319
153	4761
5	6457
1674	0
1	161
967	4409
2991	0
16	0
2974	0
716	0
1948	0
1449	0
2744	0
9	0
366	0
2	0
8	0
2802	0
4022	0
5	0
447	2169
2543	0
6	0
2727	0
1907	0
9	0
50	1357
391	10379
440	0
2739	0
1835	0
1582	0
27	857
0	0
1612	0
4431	0
0	0
0	0
108	648
15	10929
274	3224
0	0
0	0
0	0
0	0
0	0
0	0
0	0
1019	0
1226	64
0	1252
311	377
0	0
0	0
290	3828
4	533
115	0
0	0
0	0
45	6
136	1018
35	0
0	0
233	0
0	1311
214	1025
518	0
16638	0
878	149
1426	0
0	231
113	6315
7	6578
0	0
10548	0
0	0
9	241
37	349
72	206
0	0
182	0
268	0
1642	0
0	2876
7	664
0	0
0	0
0	0
0	0
0	0
0	0
0	0
0	0
137	288
0	0
1952	0
416	1842
102	0
530	0
5131	0
13	40
8	38
81	1604
119	1604
5878	0
81	724
175	1054
3355	0
50	119
0	0
522	1754
2322	0
0	0
0	0
428	0
125	1502
2	0
0	1446
0	0
0	0
0	0
0	0
0	0
0	0
0	8
67	610
0	0
0	0
0	0
3	964
714	1
1681	0
268	0
11	0
7548	0
183	2160
0	875
3	1592
0	1590
103	2750
0	6
819	0
0	0
50	589
3128	0
0	0
0	0
0	0
0	43
0	0
0	0
0	0
0	0
1669	0
0	0
0	0
2664	0
10874	0
3	0
0	1455
0	1336
264	3935
56	0
291	696
13937	0
2032	389
14	466
208	0
1419	0
0	0
0	0
6	0
0	0
3	0
1	27
1	0
1810	111
0	0
1	0
318	8
8	0
0	34
12	3
9	0
0	0
0	0
0	0
0	0
0	0
0	0
0	2
0	0
3674	0
691	0
5	0
0	3
0	6
0	1
0	8
3	3
1559	38
0	0
0	0
230	1609
94	0
0	0
0	0
0	1
1	6
46	331
1688	0
185	0
823	0
2308	0
3734	0
0	0
2375	0
0	0
3236	0
8	0
1071	0
3	5
0	0
0	0
2897	0
0	0
0	0
1742	0
0	0
0	1004
10	977
307	2140
0	0
0	0
0	0
0	0
0	0
0	0
1801	0
1932	0
56	0
0	624
0	560
0	0
0	0
1025	0
0	1469
0	0
0	0
0	1
0	0
0	0
27	8557
0	0
0	0
0	0
0	0
0	0
196	642
5	839
4010	0
1114	0
0	0
0	2402
3530	0
121	315
1035	0
94	0
0	0
763	7217
0	0
119	0
0	0
0	0
0	0
0	0
0	0
0	0
0	0
0	0
7	11
64	729
95	563
0	0
0	1
0	15
3572	0
4849	0
0	647
21	0
1373	0
3365	5
0	3192
70	1438
3315	0
6	0
10	33
6	0
0	0
874	0
1320	979
0	0
0	0
848	0
0	0
10	1213
282	28
155	1501
0	0
36	191
0	0
2	0
127	1389
30	1019
5373	0
2	0
6982	0
1	0
2067	0
0	0
0	0
0	0
1328	0
0	0
85	1315
14	713
0	0
0	0
0	0
7818	0
1	0
1037	0
658	0
679	1786
33	973
203	1680
42	1680
0	0
0	0
1278	0
3	0
0	0
100	3069
14160	0
1416	0
1242	706
0	0
2054	0
344	0
157	1635
447	0
2320	0
0	1215
0	0
2	674
235	1519
1302	6
3	1645
0	0
454	739
0	0
2	0
0	0
0	499
0	190
3397	129
0	874
0	776
0	0
0	0
30	406
1466	0
89	0
2240	0
0	0
0	0
0	0
15661	0
12656	0
0	0
2	0
0	0
0	0
0	0
0	0
1019	0
123	1721
0	0
0	0
0	0
111	1312
2973	2
469	28
12	959
230	0
215	16481
1483	6428
8249	0
183	2167
19	5104
1826	0
3311	0
1	4692
2	5154
1871	0
1925	0
137	1389
9397	0
1	0
363	1319
4565	118
0	0
2316	0
0	0
0	0
2580	0
119	5
0	0
0	0
1645	0
6121	0
161	0
259	0
6	0
1690	0
0	0
0	0
2925	0
26	0
0	0
0	0
2	0
0	0
0	0
1573	0
283	941
1863	3080
0	10530
0	0
0	0
0	0
7	14
3373	0
0	0
0	0
0	0
0	0
0	0
0	0
0	0
0	0
0	0
0	0
345	0
60	869
0	0
0	0
0	0
0	0
554	0
3291	0
2365	0
8	367
1	1203
40	2270
0	0
6442	0
0	848
114	603
5061	0
623	0
512	404
26	780
0	0
31	487
0	0
8	4
0	0
0	0
0	0
543	3389
608	0
261	1633
138	0
27	9307
137	9604
116	9420
0	3032
2258	0
8035	0
141	5546
649	2085
2	0
1	0
2878	692
1610	0
16518	0
0	0
834	2244
7	0
32	0
175	1
26	159
9	83
266	0
1011	0
0	723
574	0
112	289
740	2
0	0
32	0
0	0
253	2322
1344	0
0	0
0	0
5	0
290	0
0	436
0	0
33	989
0	0
451	181
342	109
108	818
2086	0
0	471
3467	0
1128	4760
2	594
1	0
4266	73
3493	0
33	906
583	1604
78	1500
0	0
0	0
0	0
0	0
4	0
0	0
15	854
6709	0
64	1
0	0
0	2297
17988	0
0	0
5	0
64	1333
6	321
0	0
0	0
0	0
2015	0
608	0
0	0
9388	0
1	3
0	3
0	3
170	2687
6	2296
0	2
0	2
0	2
0	0
0	0
0	0
0	0
0	0
0	0
0	0
4455	0
0	0
204	5525
0	8
15	1405
0	0
1	0
0	0
0	0
0	0
2820	0
8	779
19	422
2584	6
1	0
0	0
35	755
121	2610
0	2675
0	0
3	44
20673	0
3471	0
18	147
544	1181
2	1478
1	0
4	0
1700	774
1607	8213
123	766
0	0
0	0
0	25
8	139
26	84
2192	177
0	0
489	0
0	0
3	0
0	0
282	175
0	0
40	932
0	0
1	8969
1	8742
0	20
0	3
2	3
0	1563
0	0
0	0
9279	0
992	47
4718	0
9	1373
0	0
912	0
0	2
0	0
0	0
0	0
0	0
35	1046
0	0
0	0
0	0
1	670
0	0
0	0
0	0
0	0
0	0
0	0
115	2
4619	0
1972	0
0	0
0	0
4434	0
13	117
0	433
0	86
0	0
3	1832
0	0
1389	0
1864	0
2141	0
1852	0
0	0
19	209
1407	0
0	0
0	0
36	1015
0	0
981	0
10428	0
63	555
0	0
0	48
440	0
0	0
2	8945
13955	653
823	2824
0	0
0	0
429	4020
9	0
0	0
795	0
0	3182
2	0
21	2481
0	106
4451	0
78	639
319	224
3	0
0	13
0	5
0	5
0	0
468	8011
0	890
5	36
0	0
21	8
12	1222
0	7028
26120	0
17115	11
0	0
10	3754
0	0
1030	0
2551	4
0	2
0	0
0	3735
62	3052
279	1
0	0
22	331
462	649
1	0
0	0
121	1007
1	0
0	0
202	5137
10	4790
0	6345
0	552
42	1379
3	0
6018	0
0	0
0	0
0	0
0	0
1577	0
53	72
1770	24
0	0
0	0
0	0
0	0
0	0
0	0
0	0
121	2128
0	0
0	0
0	0
0	0
0	0
0	0
0	0
6	1006
0	0
1	0
2656	0
1363	2
29	0
11480	0
0	1
686	0
0	0
0	0
4166	0
3889	841
10	309
60	600
23	479
0	0
305	2339
0	0
0	0
1813	0
0	0
46	1508
1451	0
914	31
3862	0
2	0
7	4988
1	4928
0	11
54	772
2212	1577
0	0
0	0
0	0
6	0
859	2635
85	378
0	2
0	2
0	0
0	4
0	4
2136	0
905	9736
9	12
2	12
4653	0
0	0
0	0
55	460
0	0
2640	0
0	1
0	0
6	0
40	8353
122	1197
0	0
0	483
0	0
0	0
143	1120
6057	0
36	0
18	0
11532	2
113	717
459	0
0	38
694	0
30	363
765	399
349	3665
967	3396
0	23
0	23
548	0
890	0
155	1056
8192	0
8	0
450	0
965	1546
948	0
0	0
5	3284
0	0
1075	0
0	0
0	0
4969	11809
1839	0
48	1197
373	2046
0	1023
0	0
90	0
0	0
181	1024
33	0
0	0
0	0
0	0
0	0
0	0
0	0
0	0
380	0
0	1
0	0
2248	10
0	0
35342	0
290	196
13	463
196	0
0	0
0	0
0	0
1	0
2	3
63	1089
3	13
5	0
1	21
0	0
26	4336
1870	0
0	0
4383	0
60	1772
0	1
3522	0
0	0
1211	0
353	6445
0	116
0	398
3296	0
1383	0
228	1097
0	17
0	0
2516	0
7793	0
0	360
0	0
0	899
0	0
2051	8
1078	0
66	0
0	5
1	0
1518	0
49	1481
168	0
494	0
0	0
260	0
1282	0
174	17
0	17
268	51
2372	0
0	0
0	0
44	479
12	479
235	2792
0	2139
0	2
0	0
11	0
1	0
0	718
32	0
0	0
2571	0
255	1815
1176	0
0	1
103	0
496	0
875	0
0	0
10	0
725	1303
243	1260
6	3225
0	0
1982	0
692	0
0	0
5685	0
0	0
1873	0
0	2
0	0
0	0
2	0
26	600
0	0
4626	0
766	0
0	0
19658	0
14497	0
14	967
10685	0
1820	28186
871	27455
497	696
0	0
41	909
0	0
0	0
0	0
0	0
0	0
0	0
0	0
3967	0
1808	0
174	734
18	723
0	686
3623	0
1561	0
2032	0
0	0
0	0
0	0
1240	0
1	2
196	1694
93	755
5434	0
83	1360
0	0
3986	0
0	0
175	1468
0	0
129	2718
0	1286
0	0
0	0
0	0
0	1
7151	0
64	0
0	0
4	1441
0	0
0	0
0	0
1	0
852	4686
1	0
0	0
1	0
783	0
0	0
9	0
0	0
3060	0
3	3775
2704	0
4279	0
0	0
0	0
0	2
0	0
19	1129
18	521
0	0
1585	0
825	0
0	1
0	1
409	1813
79	736
92	0
0	22
0	1476
0	0
47	1187
2824	0
0	0
928	0
203	315
51	430
0	0
0	0
488	4362
0	0
2462	0
1833	0
2187	0
1	0
3773	0
0	0
19037	1
0	0
0	0
0	0
1	0
0	0
0	0
16	4555
0	0
0	0
0	0
331	497
4785	0
0	0
24	0
3315	0
1216	0
2	1
682	16
0	0
48	327
5	0
387	0
0	0
1	0
0	0
2	105
2	44
0	0
0	0
0	0
0	14
0	0
49	449
0	0
0	0
2397	0
6	1642
0	12
56	0
547	887
188	4562
21	882
311	43
0	0
81	938
0	2930
16	0
0	0
0	41
0	0
1991	11
165	145
2845	0
4	0
0	0
350	0
9	0
13	0
0	0
2087	0
25636	0
557	0
0	684
43	2173
88	436
1	0
0	0
0	0
0	0
2	5
0	0
958	0
0	0
0	0
0	0
0	0
1688	0
861	0
0	0
1784	0
7	6283
0	6043
0	5482
0	5527
5087	0
0	0
0	0
0	0
4560	0
21	0
489	0
0	0
0	0
0	0
1088	0
0	0
669	0
4121	0
1147	0
0	0
0	0
0	0
0	0
0	0
12	0
138	7132
35	1708
0	0
0	0
644	0
216	43
0	0
0	0
0	0
693	2780
1173	2780
4234	0
464	629
0	0
0	0
0	0
3423	0
59	7384
0	0
0	0
136	958
2046	0
0	3051
9	2876
0	0
243	2213
125	626
0	39
1	0
39	366
231	0
8	13
21842	0
0	704
23895	0
0	711
175	312
904	2911
899	0
1	1
0	0
919	0
1	1330
1760	0
268	2371
3430	34
1102	6
6	0
24	69
0	0
1	0
0	0
1953	0
0	0
0	0
709	2832
0	27
0	0
79	425
972	0
41	0
0	0
0	0
0	0
422	194
0	0
0	0
0	0
0	0
0	0
0	0
0	0
0	0
0	0
0	0
0	0
0	0
0	588
0	0
6	1
1112	0
0	0
0	0
0	0
180	0
2170	0
0	0
0	0
0	0
0	0
0	0
0	86
0	0
0	0
396	0
19	237
0	0
1930	0
1	0
0	0
2278	0
0	0
1	0
0	54
2	124
0	108
3351	0
788	2929
0	2638
55	677
278	6914
105	0
0	4
0	1180
0	1114
72	1325
1	1286
25	0
0	0
0	0
3	10816
2	1929
593	0
3	0
164	2380
7	0
47	26
218	3749
3896	0
10743	0
4162	0
310	2498
33	4482
0	1
2497	0
1266	0
673	2431
14	451
2094	0
0	43
22	0
13	0
162	4308
39551	0
0	0
0	0
0	0
3	73
0	0
1	0
1354	2
1	0
0	0
39	111
0	0
0	0
0	0
88	890
0	5
0	41
429	214
21	3206
0	5253
0	0
364	2544
0	0
713	62
77	21
105	961
0	290
17	502
0	0
0	728
0	0
13	189
122	0
42	349
454	0
3	0
79	396
0	9880
114	4540
913	0
160	3659
21	637
3	74
653	0
43	17
2849	0
2	2624
797	0
647	5039
75	436
0	0
0	0
19	1657
26	165
414	321
1151	0
0	1
11	2872
8	6722
1199	0
12	0
427	0
122	1272
0	3
6795	0
38	0
0	6
0	0
0	40
67	1187
331	1181
1606	0
3709	0
1415	0
0	4680
39	2377
0	0
0	0
905	0
3097	0
1392	0
26744	0
3956	0
117	1
1	0
0	0
0	1
484	0
20872	0
372	4781
0	0
0	140
38	3
0	0
0	0
0	0
0	0
0	2445
0	0
0	0
0	0
0	0
0	0
0	0
0	0
107	4417
0	0
0	0
0	0
0	0
0	0
0	0
0	0
0	0
0	0
0	0
0	0
0	0
0	2
0	0
3667	0
4	0
1082	0
580	0
1482	0
749	0
51	131
1456	1
5	671
148	3101
509	6
2184	0
0	0
5266	0
1	0
0	2224
0	0
710	0
540	246
31	579
0	0
0	0
0	0
2170	35
47	35
0	1178
0	1
0	2
0	2
454	0
0	0
870	7097
0	0
5	0
62	1305
0	0
0	0
0	0
0	0
0	0
0	0
0	0
0	0
159	1660
4	610
23	2367
14	0
403	1496
0	0
0	0
0	0
0	0
0	0
0	1278
2904	0
6	0
168	599
206	1551
31	1491
4	7758
1	0
0	9
0	7
312	9028
579	9500
80	2527
151	6656
9	27
52	0
0	0
112	4377
6650	0
116	873
210	1065
2723	0
2	173
0	0
0	0
0	0
0	0
0	0
7	52
1047	0
0	15
2	0
19	155
0	17
0	0
0	0
0	0
3	0
1	0
86	128
0	707
17	516
0	0
0	0
23647	0
0	0
0	0
976	10022
5292	0
1427	0
13	111
313	0
6810	9
4280	0
0	0
8	0
1861	0
0	0
11776	0
0	0
0	0
7075	0
703	0
0	0
0	0
0	0
0	0
0	0
0	0
0	0
5	0
789	0
5273	54
299	0
166	0
582	4099
3	284
2	0
2272	9
46	12
1689	0
4011	71
21	0
33	0
737	0
7244	0
0	0
3601	358
110	875
0	5
6400	0
2	0
70	790
217	1394
9	3719
37	3777
34977	0
8	0
989	0
138	1771
100	894
62	894
894	0
27	410
3615	618
4	390
9	96
3153	0
83	1238
2121	0
195	0
0	2887
6161	0
40	0
0	0
0	0
0	248
0	0
1	0
1452	0
2119	0
0	0
8	0
3	0
235	0
0	0
0	0
0	0
137	2473
0	1198
0	0
0	0
0	4
167	805
0	0
0	0
0	0
371	0
0	0
0	0
0	0
689	0
0	0
0	0
563	0
0	0
0	3
15	74
0	0
0	0
40	1267
0	1288
1	0
883	0
1441	0
6	2895
0	0
32	232
6870	0
75	3108
3827	0
2984	700
0	0
1343	0
2890	0
18	10543
1774	1346
55	2225
0	1197
845	0
1287	0
0	0
80	1
0	0
138	1536
144	584
19	92
1017	0
0	0
0	0
0	0
0	3
16	3436
311	2311
4851	0
0	0
6	2265
1	422
2	411
1	414
7	415
0	0
0	0
0	0
0	0
0	0
0	0
0	0
32	548
174	0
0	0
0	148
0	0
0	0
0	0
38	2
0	651
666	0
32	168
142	3870
1	0
4753	0
421	95
0	1
0	3667
0	0
0	0
0	0
0	0
0	0
1516	242
2	649
0	0
407	0
0	0
0	0
0	0
0	0
0	0
0	0
411	0
1671	0
10	250
0	0
0	0
0	1
0	0
104	2171
8	2690
14690	0
7171	14592
2117	0
411	1228
0	0
1	2449
137	2043
0	0
0	0
121	1186
600	1401
1	0
0	623
4762	0
36861	1
13	1520
13286	0
17	0
4115	180
0	42
1983	63
1943	0
475	0
59	913
0	0
0	0
0	0
40	0
0	1128
0	206
1556	32190
97	0
217	2432
5	62
0	0
3156	0
260	1291
1	0
0	0
0	0
78	13
2	13
65	334
8	0
861	9
370	0
86	1024
0	0
0	0
0	0
0	0
0	0
0	0
0	0
0	0
311	0
0	0
229	0
6158	0
192	0
0	1
1000	0
1	0
1272	0
6	4
570	0
12	447
2	1486
0	0
18768	161
135	5093
1	0
77	461
0	849
0	0
0	0
17	520
22	0
4694	26
0	2
0	583
62	105
341	688
1	0
0	0
0	0
2	0
8	0
1672	0
85	10353
2721	0
0	0
9	0
0	0
1632	0
1376	0
1	0
2	0
2827	0
4	984
12934	0
1194	0
3475	0
335	4837
28	4569
1	0
6	0
19	3418
4150	0
11	0
1	0
287	5924
0	0
180	2359
0	1994
10074	0
0	447
62	441
2	444
940	0
0	1591
15	0
232	0
134	4387
284	2752
0	85
2958	39
0	8
1572	44
0	23
7	0
24	1536
123	1017
468	0
0	0
25	1037
2	65
31	9
3	8
958	0
610	3334
3346	0
4	2173
0	0
9671	10908
0	0
0	0
0	36
0	0
378	2401
0	0
798	0
0	0
0	0
0	0
475	7
0	0
0	0
0	0
0	0
0	0
0	0
0	0
0	0
0	0
0	0
0	0
0	0
0	0
0	0
0	0
0	0
0	0
0	0
0	0
0	0
0	0
0	0
0	0
0	0
0	0
0	0
0	0
0	0
0	0
0	0
0	0
0	0
0	0
0	0
0	0
0	0
0	0
0	0
0	0
0	0
0	0
0	0
0	0
0	0
0	0
0	484
58	0
1605	0
2	0
20	0
793	0
413	1
3548	0
0	0
0	0
2	0
99	0
0	0
0	0
0	0
8882	0
6135	0
0	184
1720	0
0	843
0	0
1	0
66	1667
25	0
7076	3
8	680
2487	0
115	1565
3531	1
5149	0
3	680
0	0
0	0
0	0
0	0
1	0
0	0
724	400
1011	683
446	12276
2436	0
125	4534
482	0
1954	0
70	807
45	2943
0	0
0	0
0	0
0	0
3	6354
0	4
0	52
0	0
0	0
0	940
7	2253
0	0
0	0
106	218
2	0
11	0
0	0
454	0
0	0
0	0
3	1230
0	1415
0	0
0	0
1	0
459	0
3351	215
0	0
1	0
235	0
10975	0
7108	0
2	0
0	75
516	0
0	0
2	0
2	0
1	0
0	0
0	0
0	0
0	0
0	0
0	0
0	0
0	0
0	0
0	0
0	0
0	0
0	0
0	0
0	0
0	0
0	0
0	0
0	0
0	0
0	0
0	0
0	0
0	0
0	0
0	0
0	0
0	0
0	0
0	0
0	0
0	0
0	0
0	0
0	0
0	0
0	0
0	0
0	0
0	0
0	0
0	0
0	0
0	0
2654	0
64	685
0	0
0	0
21	158
1220	0
0	116
0	0
611	0
0	4
1	0
5	316
4	0
2	0
0	0
0	0
0	0
0	0
3311	0
0	107
2806	113
0	0
0	302
31	0
4030	0
2	0
1	144
1	0
0	0
3	0
0	0
0	0
159	1421
0	0
31	9
2359	13
95	1155
0	344
122	1479
20	4
2149	0
2091	0
5261	0
0	0
0	0
2878	0
3330	0
0	0
6	406
0	0
3903	1
0	0
0	0
0	0
0	777
0	0
436	125
2309	0
23	669
648	1038
262	0
0	1119
2	88
0	0
0	0
0	1
0	0
0	1
0	1
0	0
0	27
0	0
0	0
0	0
0	0
0	0
0	0
0	0
26	538
0	0
0	0
0	0
0	0
0	0
0	0
0	0
0	0
201	0
234	0
2489	0
498	68
100	4655
267	1587
8221	0
0	0
0	0
0	0
0	0
0	0
0	0
0	0
0	0
0	0
0	0
2	0
0	0
0	0
0	0
2476	116
0	10
620	0
2335	0
41	152
0	22
0	22
32	0
1	52
0	0
4409	11376
0	667
22535	0
0	3397
54	3215
5767	1
0	403
57	359
6	4068
97	226
9	0
0	0
0	0
23	1238
1440	0
0	0
304	0
0	1
1307	0
304	5592
3231	0
965	3814
0	1
2181	0
0	0
14	607
0	1523
1	0
0	641
0	0
0	0
0	0
4018	4
0	1713
6	0
0	4
1050	0
3295	62
0	0
9	0
0	0
0	0
0	0
68	1197
1	3398
7	3557
0	401
68	5865
0	0
165	906
0	0
197	0
0	26
0	0
0	0
0	0
0	62
0	63
110	1723
0	0
0	63
0	0
1	0
1	0
0	0
481	3992
0	0
1969	0
247	0
246	4871
920	0
47	364
0	0
11676	0
2805	0
254	284
4670	14691
4939	0
10944	0
131	1051
0	0
2454	16
0	5129
237	0
0	0
0	0
2857	471
456	716
22	0
0	2737
426	117
121909	0
0	0
1817	0
146	2179
0	0
0	1200
1	0
0	0
0	1822
3169	0
229	624
17	44
47	0
2	0
498	0
0	3532
13098	0
1735	7092
968	0
0	252
342	1479
252	231
806	10623
750	0
0	0
1	0
0	0
0	0
0	0
0	0
0	0
1961	0
15	1212
856	0
0	0
3404	0
1	340
0	0
0	0
0	0
0	608
0	0
162	0
0	0
2	0
0	0
0	0
0	2
4691	1
10	257
0	0
0	0
0	0
0	0
0	0
0	0
1092	402
1118	0
2301	0
5272	0
495	1610
3529	0
3639	0
0	0
1492	0
0	0
0	0
0	0
0	0
0	0
0	0
0	0
0	0
0	0
0	0
0	0
0	0
0	0
0	0
0	0
0	0
0	0
0	0
0	0
0	0
0	0
0	0
0	0
0	0
1	0
3	0
3	0
0	0
0	0
0	0
0	0
0	0
0	0
0	0
0	0
0	0
0	0
0	0
0	0
0	0
0	0
0	0
0	1
0	0
0	0
796	4787
696	287
0	0
0	0
464	1349
0	6868
132	5633
0	0
981	2946
2705	0
5072	0
135	383
401	1718
60	555
0	0
1	0
613	0
923	0
5	0
0	0
1391	0
6255	0
0	0
0	0
3971	0
32	0
1331	0
0	3
2	1603
0	1
0	0
552	0
0	2
6083	0
1	0
48	0
4026	3
201	829
0	0
0	0
0	0
3185	0
0	0
9	0
0	0
2471	0
137	0
0	0
0	0
4793	0
1507	939
0	0
2	245
16077	0
8889	0
3841	0
5049	0
5395	0
36	328
0	0
0	10
279	0
2297	0
19	3528
538	1721
0	290
706	2199
0	3
4	0
2544	0
1965	2
935	5856
960	0
0	0
6	0
11	7
0	0
980	0
0	0
0	0
0	0
3	457
714	12110
8	12110
0	0
0	1
0	0
1	1
286	926
14733	0
35806	0
4	4366
6	2255
1080	0
0	0
922	2384
8907	26504
290	2247
21234	0
0	0
826	13177
618	0
511	11781
7	859
30	1686
116	1702
10716	0
766	2451
153	767
688	1880
26309	0
937	0
9	404
0	0
0	0
121	14253
6023	0
518	70
12	350
0	0
0	0
0	0
1	0
1	0
2	0
164	4496
4312	16
19	1028
16	0
27	4147
0	0
0	0
0	0
0	0
124	5
0	0
0	0
0	0
1591	1
0	44
491	750
4	101
1282	0
8914	0
1167	0
96	686
36	7
1	0
1061	0
2	0
4299	0
77	0
331	0
289	4211
135	928
6	0
673	720
0	0
0	0
15	0
0	666
7286	1
0	0
0	113
421	0
1	0
534	2
4	0
3	858
0	0
0	0
0	0
0	0
1	0
0	0
90	2249
3	750
84	735
364	148
1107	0
109	2041
160	3010
384	3010
2328	0
310	3540
1069	7
17	400
180	2074
6022	0
0	0
0	0
94	1
0	0
678	0
0	0
0	0
6	0
2	0
0	0
9444	0
0	0
0	0
20	0
1	0
0	0
0	0
0	0
6897	0
6428	0
0	0
1	0
22	336
8915	0
0	0
1565	0
276	0
0	0
0	0
0	0
0	0
2	0
1538	0
19844	0
17	1560
311	2640
592	0
1	24
659	4422
0	0
5089	0
753	0
0	0
2	0
864	0
5314	0
396	3243
0	0
4	3
2171	0
3981	0
1	236
0	0
2686	0
27	545
1	2075
1	11
1	4
1802	0
239	0
1040	0
31	201
0	0
0	0
1141	8
47	771
0	0
0	0
1	0
1	0
0	0
0	0
0	0
0	0
0	0
0	0
0	0
0	0
9	0
1	6
0	0
0	0
0	0
0	0
0	0
0	1
1272	0
1446	5837
121	0
0	0
0	0
0	0
105	1470
8	0
0	0
19	0
151	733
1	325
18	325
10	0
1281	178
114	0
96	0
0	0
52	929
28	363
1521	11129
60	3934
92	3382
0	491
1	480
0	420
0	471
0	387
5	259
8	253
6350	0
98	3230
118	2360
0	1
1	0
27	32
2444	0
0	0
0	0
0	0
2091	0
1039	1197
10	6497
1037	0
0	0
2	0
0	0
3265	0
0	0
10	0
0	0
0	0
2	3472
170	4
5	29
3	0
23	265
136	2744
11	2062
306	1102
2536	9
0	0
0	0
349	2494
0	0
0	1
0	0
528	0
49	756
194	1380
1	0
456	592
5	281
1038	0
0	0
30	360
13	517
298	11619
258	1508
0	0
1	7
8	0
143	0
611	916
185	10963
142	10963
0	0
49	868
1320	25
1835	0
2918	0
672	0
1620	1
3802	3006
62	3006
10187	1
1	0
6	74
1475	0
1513	5847
105	738
0	0
0	0
2009	9979
0	226
1	3
0	0
1526	0
5044	0
4	1
0	0
0	17
0	0
74	0
0	1226
2	314
0	0
26	811
0	0
75	120
1	0
2349	0
0	387
2415	0
0	1
0	0
0	0
0	0
3009	0
6	50
0	0
78	0
0	0
0	140
0	5719
0	0
1	203
6	1065
50	674
778	4851
3	0
1	0
4124	0
0	0
0	0
4288	0
21743	11
16	0
452	0
0	29
30	0
1	0
1	0
0	0
1	14
4	11
191	1453
0	0
0	0
2836	0
0	0
1636	0
63	638
1	37
0	0
0	0
0	0
0	0
1	619
350	0
3	0
0	0
0	0
0	0
2191	0
261	4059
1	1
4901	0
110	0
49	106
3477	0
27	593
7491	1
148	0
0	0
0	0
0	0
0	0
0	0
0	0
1783	0
0	0
25	494
0	485
5319	1
0	0
0	0
0	0
0	0
0	0
150	0
104	723
163	0
5	1366
81	0
1138	0
0	0
433	631
3452	0
82	455
0	0
2455	487
444	324
0	0
0	0
0	0
0	0
0	0
0	0
0	0
0	0
0	0
0	0
0	0
0	0
0	0
0	3
0	3
0	3
0	3
0	3
111	2518
18218	0
1	11
0	0
0	0
2149	0
3520	7
35	5
19	5
73	0
4063	0
0	0
21	173
0	0
0	0
0	0
37	508
0	0
239	1102
3	37
3	209
1484	0
0	0
0	0
0	323
471	677
165	1354
1171	0
0	172
25	460
42	208
335	544
665	4889
0	0
0	0
0	0
0	0
0	0
3141	0
34	2513
228	0
319	222
0	0
26	828
0	0
322	203
0	0
485	3508
1	4125
7	0
0	0
1338	78
403	0
0	0
33	3001
2	0
0	2498
1	4
0	0
0	0
1726	0
0	0
0	0
0	0
0	0
0	0
0	0
0	0
0	0
0	0
0	0
0	0
0	0
23	6
7479	0
0	0
2	0
15	2904
47	2942
25	2953
932	28829
5	0
0	0
205	2215
242	2169
110	1274
3	39
0	39
2227	2993
0	0
0	0
0	0
1098	0
1867	0
1301	0
0	0
0	0
863	0
236	0
2888	5
144	1080
8037	0
2569	0
8	510
0	0
47	0
513	0
56	366
2174	0
246	357
14	912
4	748
10	18258
60	16856
35	18069
4593	0
86	757
0	2
0	2426
192	547
2146	0
23	2876
272	1370
102	1370
0	3
66	1885
2044	0
0	0
0	0
855	0
62	1357
21	675
0	8
1559	0
0	0
0	120
11629	0
0	119
769	4429
468	3058
7965	0
0	0
0	0
112	0
102	0
0	426
68	592
74	378
0	0
0	0
0	2911
2274	0
0	0
22	3735
1177	0
146	0
863	45
33	726
14	2627
0	1137
1494	0
240	467
639	0
986	0
0	0
1601	1
0	0
0	0
2445	0
0	0
488	0
394	1099
552	0
7789	0
970	3835
2	0
640	0
20	704
3	0
0	0
0	0
0	0
15	940
0	0
2886	1
214	715
0	0
3	12
51	2083
9	3
3673	0
1172	0
0	52
2	51
10982	7
0	451
52	892
0	0
2693	0
0	0
1	0
499	292
1347	28
3	0
1443	0
0	0
0	0
0	0
385	1081
0	0
0	0
0	0
0	0
2636	0
109	645
11	550
0	0
0	0
0	0
0	0
0	0
0	0
0	0
14	17
77	821
2349	0
0	1582
157	1571
0	0
134	231
0	0
0	0
54	0
0	0
704	27
23	0
1484	0
3418	1363
352	0
177	968
0	0
0	0
0	0
112	0
0	0
0	75
133	1764
0	0
0	1372
0	1334
259	4937
7	0
0	0
0	0
1585	0
506	118
0	0
0	1
789	0
426	2189
145	2189
4	3597
1	1
0	10512
10688	0
35	0
0	0
3	0
154	2216
64	2216
0	3240
373	5178
10	4803
0	0
99	5143
77	4968
2194	0
44	0
936	0
1283	23
2097	0
1	0
2	0
7021	0
769	0
429	182
2436	0
0	0
0	0
28	1184
1	0
0	0
0	0
0	0
0	0
0	0
0	0
369	1391
0	0
0	0
2	0
3	0
0	0
0	0
967	0
4777	0
0	1
0	1
1031	0
224	3548
74	974
1459	799
593	33653
6645	1
158	1076
3	93
790	0
493	907
0	0
0	0
8	19
0	0
0	0
0	1351
33	219
0	280
1542	0
0	1
179	1710
0	0
0	0
0	0
0	0
1	1074
1	0
3232	0
0	4
1588	18
1	0
59	477
0	0
1	0
0	0
170	422
2	0
5	358
1	312
6	0
6	0
18	1274
779	0
101	468
1002	0
54	3172
6	3639
3	0
158	2507
2	1
1142	0
785	4576
93	830
7148	0
55	1275
993	0
0	0
406	3451
16	0
219	1708
0	1943
2	0
10299	0
623	415
0	0
0	0
0	0
0	0
1197	0
247	2181
217	660
65	3854
11117	0
51	11388
12	9872
0	10592
5	9056
0	0
18	1547
34	1496
0	0
0	0
0	0
0	0
0	0
0	0
0	0
0	0
4	1991
0	2
2934	15
1	0
0	2
342	2275
1	0
0	0
0	0
0	0
0	0
0	0
0	1
2	1
45	886
0	0
1313	0
164	46
0	0
0	0
1168	0
0	65
0	0
4	6
0	0
36	100
0	340
0	0
0	0
0	0
0	0
2	965
0	0
331	660
4783	0
4612	0
21	4990
0	13
0	1
0	0
2105	0
0	0
51	0
0	0
0	0
2020	0
1705	0
0	0
1488	0
0	0
4	0
75	0
0	0
0	0
1806	0
0	0
169	958
96	1746
961	0
508	0
3	63
35	954
1588	0
16	1885
810	1596
2	0
3	0
0	0
5654	0
0	0
0	0
9258	0
228	5660
0	0
111	774
0	0
1050	0
5243	0
1902	0
0	0
0	0
148	661
7041	0
33	0
0	0
0	0
19	1762
560	0
0	0
0	0
0	0
0	0
0	0
0	0
0	0
143	2772
0	0
0	0
49	854
4438	0
0	0
0	87
1	0
2229	0
986	0
6	1279
41	2319
0	0
332	2619
1	1
1	356
178	7379
0	0
0	0
0	0
0	1
0	0
0	0
0	0
0	0
0	0
959	0
148	248
257	677
68	884
67	485
0	0
4647	0
57	650
0	0
0	0
0	0
0	0
401	1586
3485	0
0	0
0	0
6	486
11868	0
351	3245
0	698
1205	0
958	0
2049	8
192	1894
0	0
2076	0
0	0
0	0
0	862
5388	0
1	23
80	11461
1	0
2	346
807	0
0	0
763	0
872	0
0	0
0	4
0	4
730	1673
1	8
614	0
1836	0
49	2028
1318	6223
7980	0
0	0
0	0
0	0
0	0
1446	0
0	0
0	0
747	0
605	2212
0	0
520	4424
8359	0
3	15
106	649
41	678
9	669
1	26
0	1848
0	1645
6675	0
25	0
0	1
0	1
0	19
0	19
562	0
3211	0
1	0
0	0
2	151
0	0
2	0
10	0
856	0
0	0
0	23
0	0
0	0
0	0
2236	0
0	0
0	0
1038	0
8418	0
1	0
0	0
523	0
30	0
0	0
956	0
17	7
0	0
0	0
658	1677
0	0
672	0
0	0
0	0
788	0
609	0
0	605
6	540
18	1015
9	270
0	0
0	0
24	0
15785	0
148	2067
4	0
1	0
0	0
4814	0
499	0
0	0
1230	0
1	1
1	0
2484	0
0	0
0	0
0	0
0	0
0	0
1689	0
0	0
2021	912
0	5212
0	5379
29	923
0	0
0	0
314	0
7	56
1939	0
3589	0
978	0
0	0
0	1
0	1
0	0
0	0
247	3669
37	2978
0	0
0	0
0	0
117	1415
0	118
0	0
300	0
1150	0
29109	0
26	0
0	0
112	0
0	0
0	0
0	0
0	0
3431	0
0	37
58	575
0	28
15	0
1188	0
1	7
0	0
21	195
9	598
87	1157
783	3
0	1883
0	0
16	3389
1	0
3	0
356	17
1586	0
3	1
5	561
1	0
0	0
28	1139
0	0
52	329
10	329
423	0
1329	0
471	0
622	166
406	7
0	7
0	0
214	4336
467	2762
651	0
0	0
83	0
0	0
32	151
2	0
127	1074
34	0
1735	0
0	0
0	0
1543	2
0	0
0	0
0	0
0	0
5682	0
16	106
84	498
34	805
557	0
820	0
0	0
148	0
0	0
0	0
2842	0
1690	34
30	1447
35	1447
2126	0
0	0
2824	41
17980	0
14271	0
0	0
1298	1397
197	137
605	1632
106	0
3	4068
0	0
65	1638
1	0
0	0
4	0
13	0
0	0
147	0
0	0
18	2
0	0
0	0
0	1
56	603
11	119
1	0
54	22
6	8
826	0
0	0
88	0
5446	0
206	75
0	0
7	540
2	265
1733	0
4749	0
10	706
0	0
15	0
0	4
0	4
0	2
2	3
9	176
15312	0
14	0
2	0
0	0
3476	0
355	2347
57	0
0	0
0	0
2	0
54	346
0	0
1884	0
2	0
47	0
2915	0
1	0
6	27
0	0
0	0
12879	0
0	0
0	0
0	0
16086	12
0	650
2526	0
36	160
2	0
0	0
0	0
0	0
0	0
0	0
914	0
1	160
2	28
0	31
37	416
33	235
4	2
0	33
647	0
2074	2
0	0
3090	0
0	3
4653	0
62	3142
322	1510
9	62
0	0
2079	69
4931	1
830	0
738	7103
0	0
0	0
0	0
0	0
3250	0
82	513
0	1618
0	0
737	0
136	1044
16	0
0	0
1283	0
0	0
115	1138
387	0
0	0
1	0
0	0
0	2873
1	0
0	0
3	0
3055	0
1	0
0	0
1	0
0	0
3262	0
1951	0
4618	0
8	0
0	0
0	0
0	0
2	724
553	3904
30110	0
35647	13
50	0
0	0
3	0
0	0
0	0
0	0
0	0
0	0
0	0
0	0
0	0
2	0
914	0
1874	0
130	96
2299	0
492	1859
601	749
6335	0
2062	2
8159	0
0	12
481	0
43	1526
33	413
917	0
0	0
0	0
0	0
0	0
0	0
1250	0
2577	1670
10047	0
3	55
0	0
634	35
12018	19
0	0
0	0
2052	0
3085	0
55	836
1034	0
1608	0
149	12003
677	12003
1013	0
717	2971
1	12
37294	0
1	0
2028	0
191	882
0	0
0	20
1171	0
16	0
0	7
124	543
0	212
2960	2
4448	0
75	819
252	1648
18	2056
0	0
0	3
138	554
0	0
71	5193
7579	0
293	2788
428	9
52	1404
662	0
104	518
11043	479
1178	2
2	1
0	2
364	0
1628	0
2452	0
26	1
1850	0
0	0
0	1
0	0
47	274
16728	2
0	0
2885	0
0	0
81	0
0	0
0	0
0	0
0	0
6649	0
0	0
0	0
0	0
7326	0
0	0
2746	0
0	0
0	0
0	0
0	421
2618	0
63	2377
0	9247
0	4663
0	4154
0	344
4	386
27	1061
3956	0
27	1098
0	4
135	533
11	10
0	0
0	0
0	0
0	0
0	0
1	0
0	0
0	0
0	0
0	0
0	0
1	0
0	0
0	0
0	0
621	1
0	543
0	745
0	638
0	13177
0	1
0	473
498	611
3529	0
0	14728
177	0
6	2238
2	0
3061	0
2155	0
0	0
0	0
772	4555
0	0
0	0
0	0
2565	0
7772	0
250	578
240	0
0	0
0	0
2	0
0	0
0	4
53	218
2077	0
707	2248
396	2248
47	4157
6195	1309
0	0
0	1947
0	0
0	0
0	0
0	0
0	0
637	0
0	3831
1	4136
1	493
0	0
3515	0
64	622
0	18
3658	0
2	0
5689	19
0	0
0	0
137	493
4587	0
0	54
0	0
0	0
0	0
0	0
1316	0
39	637
1597	0
0	0
53	43
0	5
122	1371
0	0
1	0
0	0
3566	0
1280	18
0	0
0	0
0	0
0	0
246	2113
5	0
1363	50
0	0
0	0
0	0
330	232
0	0
0	0
0	0
0	0
0	0
0	0
0	0
0	0
0	0
0	0
0	0
0	0
1045	0
0	1328
168	1177
151	2734
3161	0
491	3144
3163	0
20	0
458	3349
338	1402
1685	0
518	11
0	0
0	0
0	0
0	0
0	0
0	0
0	0
0	0
0	0
0	0
0	0
0	0
0	0
0	0
935	1117
16	74
0	0
1	0
462	2059
270	1781
0	1781
0	1781
1	0
960	0
0	8
12410	0
0	0
0	0
349	880
10128	0
0	0
0	0
2	1564
0	0
0	0
932	0
369	1779
2065	0
1708	0
0	0
1	0
0	0
0	0
5614	0
1896	1394
0	0
0	0
0	0
0	0
0	0
0	0
0	0
0	0
0	0
0	0
0	0
2	0
0	0
187	0
0	0
0	0
180	0
50	0
0	0
30180	0
2042	8045
0	0
0	49
0	0
0	0
0	0
0	1325
0	0
119	687
1830	0
15	0
167	811
0	0
1	0
3	34
27	503
0	4
0	0
0	0
3831	0
0	0
0	0
3013	0
25	941
4	3
0	0
0	0
0	0
0	0
0	0
0	0
0	0
110	749
1	1129
388	2500
15010	3
296	0
894	0
0	0
0	0
1	0
0	0
0	0
0	0
0	0
3612	0
0	0
0	0
0	0
1	2
0	0
0	0
0	49110
0	50002
0	45704
1170	365
9144	0
0	0
0	0
0	0
436	0
0	0
0	0
0	0
2414	9
3454	0
0	0
3	1
5	806
51	1359
0	0
0	1
1886	0
6	1258
2564	0
7	62
0	0
60	0
106	0
306	2158
2109	6615
2	125
0	0
0	0
848	0
0	0
0	1612
0	0
0	0
5318	0
0	634
36	1013
0	0
0	0
71	1468
0	0
830	0
0	0
0	0
0	0
0	0
0	0
0	0
567	21
90	4282
0	0
0	0
1	0
0	0
143	130
0	0
276	0
39	546
0	0
0	0
0	998
791	0
95	1136
0	0
0	0
1961	0
5	0
98	918
1672	0
46	1122
31	695
0	0
1568	0
3208	0
4029	0
682	8426
14	0
20	8312
1141	5158
3796	0
4593	0
251	1019
109	1019
1	8
0	0
116	0
8856	0
15	1356
245	0
750	3
39432	0
304	1336
400	0
2383	61
185	2017
3101	0
327	278
0	0
12	0
0	0
2785	0
18142	0
15854	490
3	0
14427	0
1409	0
909	0
0	1896
1833	214
237	160
580	21116
365	0
819	0
0	5
0	0
104	244
252	1904
7	936
2767	0
1011	0
0	46
0	0
0	0
0	0
0	0
0	0
558	0
0	0
2	0
333	0
3724	0
363	0
0	0
0	0
0	0
0	0
0	0
0	0
0	0
57	393
40	4149
193	4149
0	0
2043	0
62	3282
0	0
0	0
1	0
38	13
11	0
0	0
0	0
1139	18
831	0
0	11482
3	1103
8577	0
0	0
229	0
0	0
0	0
0	0
115	499
0	0
0	0
36	0
1138	0
348	0
3	178
379	197
0	338
227	560
0	0
1315	0
1347	9600
348	9600
2419	0
0	4235
0	0
0	0
18218	0
380	0
0	0
0	0
0	0
592	0
393	0
1	0
0	0
8	0
0	0
5445	0
234	291
0	0
1	11
0	0
0	0
3768	0
6	2797
41	804
837	665
0	0
9	0
100	1244
2806	0
7941	0
38044	0
5681	0
3	0
11	0
26	2897
0	0
0	0
3	0
0	0
127	789
0	0
0	0
1	0
106	6458
1	6501
1930	0
75	2071
8663	0
0	0
0	0
0	0
530	0
71	1770
0	0
0	0
0	0
5	0
3553	0
1143	1736
908	0
873	0
0	1
0	557
5676	0
0	0
5	0
10	0
257	3622
0	32
0	0
3	0
0	0
0	0
25	502
126	306
2	0
28	1671
3	1148
14895	9330
4532	0
25	0
1368	108
303	2591
78	7126
34	88
0	0
0	0
1	0
2	821
3165	0
0	0
101	1549
13	1549
322	0
1	0
830	470
55	409
0	0
166	4663
106	2966
10	73
1	0
9	6553
0	3
4568	0
1015	0
0	0
0	0
0	0
0	0
0	0
0	4
222	452
86	235
0	0
0	0
43	101
2097	0
0	0
0	2165
3078	0
1	0
0	0
0	0
0	0
0	0
0	0
0	0
0	0
242	72
0	0
0	0
0	0
0	0
0	0
0	0
0	0
0	0
0	0
0	0
0	79
0	704
163	613
0	0
31391	0
1	0
0	0
0	0
66	1032
0	1626
0	0
14	730
6579	33658
4	0
8	4945
703	4929
17	7
0	0
0	0
0	0
0	58
15	4923
10629	8037
67	671
1	0
182	1142
0	0
0	0
98	60
9064	0
32	822
816	0
43	0
151	1971
5	0
6967	0
7	0
0	0
0	0
1	0
2682	0
0	6198
3170	0
6	38
3	0
193	7839
423	0
32	192
18946	0
483	1152
166	1136
1529	0
41	821
424	3948
454	3971
5	16
451	0
5727	0
1	737
19	0
0	182
37	0
33	4425
168	1045
400	0
6702	0
64	717
38	0
247	4107
257	6122
4687	0
0	0
0	0
775	4182
5680	0
23	118
0	1
2	0
0	470
0	0
811	20
18	0
10	6
0	2
0	0
0	0
0	0
12	0
0	0
0	0
13	0
0	0
0	0
225	31
3	2411
0	1
880	12072
3	683
288	109
299	873
20	872
7	596
21	1191
631	0
5170	0
5	0
0	0
6547	0
1	0
0	0
0	0
6	144
1599	0
34	472
559	492
117	1956
1074	0
0	0
217	0
0	0
1424	0
6109	0
0	0
0	0
0	0
0	0
306	105
587	0
0	0
0	0
14565	0
0	0
0	0
0	0
0	0
661	0
141	3801
11	148
355	0
0	0
0	0
0	0
0	0
0	0
527	0
485	0
17	0
5288	0
3709	23159
65	22912
4	0
0	0
101	918
0	2083
304	794
0	0
0	0
0	0
4276	0
1973	0
442	3291
0	0
0	0
17	0
197	0
133	0
840	0
3242	520
15	535
13	308
2065	0
13	40
3	15
1085	0
0	0
0	0
0	0
0	0
79	382
952	8763
0	399
1443	0
3037	0
5	0
506	0
47	0
1278	0
0	8
0	0
0	0
0	0
0	0
0	0
0	0
0	0
0	0
18	16811
0	0
0	0
0	0
0	0
0	0
0	0
0	0
0	0
3	2120
0	0
0	0
379	1085
0	0
0	0
2	0
0	0
24	278
732	0
205	1008
0	0
5232	0
0	0
84	0
1343	0
0	0
0	213
13824	0
2	25
572	379
313	0
0	2265
2813	0
35	142
74	391
2	0
1273	0
1502	0
18	5273
0	1972
0	0
0	0
3314	0
25967	0
241	709
7626	1
1272	0
6152	0
0	109
2855	0
0	0
0	666
1	7
745	0
1597	0
7	0
7	4009
7203	0
412	0
8	589
1412	0
102	1651
0	0
1666	0
87	9336
2996	0
2790	0
0	0
8538	0
4138	0
178	7108
1472	0
382	3927
0	0
0	0
0	0
0	0
0	0
75	503
277	2
0	0
0	0
0	0
0	0
19	544
14	530
574	550
729	0
2724	876
0	0
0	0
233	1
920	544
1937	0
1	0
1947	328
6842	0
2487	3
50	0
3280	0
60	329
2645	0
166	360
1722	0
1166	0
9656	0
0	0
0	1
0	0
0	5407
0	5253
44	200
5169	357
0	0
0	0
1	0
0	1234
3	1022
3747	0
13	0
1676	0
51	97
625	2532
87	0
2218	0
0	0
0	0
0	0
0	0
0	0
0	1282
9	378
1	174
2126	0
366	0
75	2811
222	889
368	295
0	0
0	0
0	0
11	1765
5488	0
0	0
78	0
499	6960
109	276
91	641
86	1313
9	142
9	325
278	0
0	0
785	67
46	0
0	0
1	0
222	2299
1099	0
5	2860
0	8
472	1
0	0
0	0
0	0
0	0
0	0
0	0
0	0
13336	0
943	6997
0	0
9	31
402	2395
86	2395
1217	6
422	1629
145	1629
19037	5
0	0
32	0
0	0
0	0
0	0
7	493
689	2834
4622	0
237	0
3505	0
881	0
81	2557
62	0
71	2681
18578	0
0	0
172	4147
54	0
0	0
0	0
71	526
386	0
152	986
6675	0
0	0
3	143
46	7212
1275	0
0	0
2	0
0	0
0	0
0	0
0	0
374	560
0	0
0	0
0	0
0	0
0	1
0	0
0	0
14	2408
6	2265
29	2449
22	2357
24	562
1400	0
0	466
0	0
4421	0
4607	0
7553	0
0	0
0	0
0	0
3	0
0	0
1129	0
0	0
34	315
0	0
23	0
4	55
0	0
0	0
0	0
0	0
0	0
0	0
0	0
0	16
1778	0
0	0
1561	3363
860	1509
4022	0
2929	0
198	4
0	0
41	1122
731	0
1571	0
0	0
170	0
0	0
0	1
5	0
0	0
0	0
207	3583
0	0
827	0
83	4361
0	0
5	1
0	0
23	0
0	1303
0	0
2	133
4489	0
4	0
1660	0
10	0
5	0
244	0
0	0
30	294
0	0
2	0
2202	0
7241	0
4	15118
0	0
0	0
0	0
0	1
45	0
0	0
1740	0
862	0
1	0
5	121
4333	0
1695	72
136	721
1576	0
4980	0
50	376
64	233
509	1047
0	0
0	0
5104	10
290	1968
40	66
1	6
382	6326
25	1053
1	0
0	0
0	0
0	0
1	0
5674	0
0	0
0	0
0	0
5	0
0	0
431	835
110	1516
3071	0
1	0
0	0
730	0
0	0
0	0
10	0
0	6
2	0
0	0
0	0
370	1497
272	523
32	99
0	0
0	0
0	0
719	0
1023	0
0	0
9248	0
0	0
0	0
0	0
0	0
0	0
807	0
2847	0
1	0
0	0
1	70
3	0
6799	0
3	0
114	4873
0	0
5	89
0	0
0	1
2742	0
115	401
0	0
55	399
149	1635
11559	1
1979	0
88	310
2558	0
1463	0
0	1
1172	0
0	0
0	0
24	1600
112	902
27	2583
404	0
4045	0
102	0
0	0
0	0
1141	1473
679	0
102	0
0	268
0	0
473	0
0	5
0	0
0	0
0	2552
99	588
1835	439
0	1175
73	3241
4509	0
0	0
0	1
0	1
3	2179
0	0
205	445
0	0
229	1445
3528	0
10	0
1	0
0	0
0	0
0	0
0	0
0	0
0	0
0	0
0	0
0	0
0	0
0	0
0	0
0	0
5092	1
2985	0
22	104
58	969
1	0
2	0
790	0
0	17
0	0
0	0
0	0
0	0
0	0
0	0
0	0
0	0
0	0
0	0
0	0
0	0
0	0
10	4305
368	626
0	0
114	600
2	164
26	0
0	0
7489	0
65	785
1126	0
2	0
1261	4
0	0
72	192
2373	0
0	2991
670	0
0	0
603	2383
13	377
2972	0
806	0
1	8050
0	0
177	8
101	0
2	1
1299	0
426	0
429	0
0	0
463	0
0	0
0	0
51	5623
1597	593
0	0
46	799
4	0
3144	9
1726	0
813	0
390	1634
1602	26
1894	0
61	1612
623	8821
1	0
0	0
0	0
6	0
93	1988
0	18
8	2779
2636	0
4592	0
105	362
0	0
0	0
22	1602
61	0
1333	0
29	278
1471	0
63	1397
0	6222
465	0
0	0
5359	0
1	0
0	0
0	0
0	0
202	0
0	0
0	0
0	0
1234	1790
3	640
0	0
897	1625
213	18
254	6075
0	0
2064	437
535	385
0	0
7	358
0	0
451	0
1441	991
328	0
0	0
0	0
2	8203
2	0
0	0
341	613
124	1106
1698	0
412	1254
7	161
289	0
0	0
1421	0
129	414
52	414
120	585
0	585
0	14
0	0
193	715
0	5344
1	1
2	0
278	2852
52	2763
803	36
2441	0
154	202
3	5
2	0
0	0
0	1
0	0
823	0
0	5
0	5514
0	0
0	0
0	0
0	0
781	9415
4	565
2016	0
2172	0
2094	0
1	0
0	0
0	0
0	0
0	0
0	0
0	0
0	0
0	0
0	0
0	0
0	0
1	0
0	0
0	0
3129	0
461	3334
0	0
2036	0
783	2414
0	474
134	2466
21	0
135	2118
0	0
408	2
16	520
1410	0
2268	0
437	110
1928	0
3258	12
1	0
2	0
96	1617
5024	0
0	0
0	3
0	3
18	78
85	212
29	287
380	1091
58	212
2103	0
3949	0
2358	0
6	0
3	0
0	0
0	0
0	0
0	0
0	0
1	0
0	2
0	0
1	0
0	0
14	0
321	8103
0	8178
312	35
4758	95
0	0
0	0
0	0
825	0
84	1096
0	0
4	521
0	2170
240	3921
0	0
0	0
0	0
0	0
0	0
0	0
0	0
0	0
0	0
0	0
0	0
0	0
0	0
0	0
891	16
864	28
1237	0
1366	0
1	0
1784	0
0	0
0	0
0	0
0	0
0	0
0	0
45	0
0	3
39	2
0	33
577	7693
33	583
0	0
0	0
0	0
48	162
10	3062
0	0
0	0
0	0
413	38
0	0
0	0
0	0
0	0
0	0
0	0
0	0
0	0
0	0
1798	0
2509	0
241	383
18	4
0	0
414	33
568	155
2440	0
0	0
0	0
0	0
0	0
0	0
0	0
0	0
0	0
0	0
0	0
0	0
0	0
0	820
19	2095
1765	0
1558	0
42594	0
0	4048
4	0
121	0
0	0
353	0
1024	0
1687	526
0	0
2689	0
0	0
0	0
8425	0
22	0
0	172
0	280
0	0
0	2090
0	0
24	1077
0	0
0	0
1313	1
6	322
0	0
1001	0
3982	62
3521	0
2095	4
0	0
0	0
7090	0
7857	0
4319	0
12	1098
8121	41
119	3176
449	3176
2	0
10	5996
221	0
0	0
0	0
0	0
0	0
0	0
3	0
0	0
0	0
41	2415
12758	0
0	1144
1507	0
447	0
1758	553
0	5
0	5
0	5
0	4
3	0
4439	0
1	0
27	974
0	0
13	0
15398	0
0	0
0	0
0	16
0	0
0	0
10	1001
79	1135
7955	0
2722	0
3880	0
290	779
1141	1117
45	201
31174	17
0	0
0	0
0	0
2782	0
93	0
2	0
253	3878
3061	0
1	0
105	2477
612	0
43	179
0	1
2262	0
2179	71
7445	0
0	0
0	0
314	9111
76	9111
21	335
35	267
1202	0
2613	0
0	0
0	0
59	0
2303	4690
1820	0
134	3575
0	0
0	0
0	0
0	0
0	0
0	0
0	0
0	0
0	0
0	0
2	0
33	575
398	0
0	0
0	0
0	0
0	1205
6	1164
0	0
0	0
496	0
2	2
1439	0
3444	0
0	0
394	1
161	1796
0	0
255	0
0	0
0	0
5303	0
2834	0
351	1044
0	0
0	0
0	0
0	0
0	0
0	0
0	0
0	0
0	0
0	1
0	0
121	236
0	0
226	718
0	610
0	113
445	0
1214	0
12485	0
1925	0
408	720
0	0
0	2
1	764
3951	0
9	43
159	0
139	1066
95	279
137	0
0	0
0	1639
2	915
0	0
0	0
0	0
0	0
0	0
8	0
0	106
0	0
0	0
26	1385
2952	2372
0	0
787	0
0	9027
0	9197
0	8777
0	8840
643	0
1542	0
1712	0
285	0
1586	0
0	0
654	10584
0	0
0	0
936	0
0	0
1360	0
516	0
4847	0
1520	0
0	0
0	0
0	0
0	0
0	0
1088	4
6039	0
1025	3086
1	3225
1700	0
5498	0
0	0
0	0
0	0
113	810
911	0
4	3685
0	0
0	0
0	0
0	0
0	0
0	0
0	0
0	0
0	0
0	0
0	0
0	0
0	0
0	0
0	0
0	0
0	0
0	0
0	0
0	0
0	0
0	0
0	0
0	0
28	1925
0	0
835	0
33	914
2	0
164	0
12050	35
14909	35
326	808
21	809
13	0
41	498
6	204
130	6
0	0
0	0
423	0
0	0
0	0
0	0
0	0
0	0
1354	0
0	0
0	0
0	0
2	721
705	0
0	0
0	0
0	0
70	1109
0	0
0	0
0	0
3141	0
18	5349
0	0
50	618
0	622
1059	0
2041	1561
6	0
0	0
446	8300
22205	72
129	649
9	1572
2237	0
0	0
1330	0
240	0
3	2667
44	2108
2402	0
6027	18
0	0
0	0
0	0
0	0
0	0
0	0
0	0
19	0
1263	6491
101	592
0	0
728	1093
27	0
7	0
123	0
257	757
0	0
0	0
0	0
3	7
408	0
0	0
4	0
15	285
5218	0
0	0
28	362
96251	6
5	0
0	0
0	0
0	0
0	0
158	3805
49	1727
0	0
3	0
0	0
2763	0
31	0
0	0
1162	0
183	1579
1184	0
0	26420
390	0
11	0
2099	0
0	0
0	0
12019	0
1603	0
73	0
0	0
1332	0
0	0
0	0
0	0
0	0
0	0
181	1996
0	1
0	0
0	0
834	2304
0	0
387	2074
7	1556
4616	1
0	0
9	112
0	0
0	0
0	0
0	0
32	421
4366	0
1162	0
4096	0
11	0
1	74
0	0
1392	0
25	674
2151	0
1	0
0	0
1	0
1982	0
0	0
0	0
239	3584
0	3946
0	4184
4039	0
635	0
49	414
7739	0
0	847
0	0
0	0
0	2
3	9
0	83
7	1
4	0
0	104
0	0
0	0
1	0
607	0
0	0
1225	0
13	13
0	0
33	931
0	1229
0	0
0	10
313	8
0	0
0	0
0	0
0	0
34	898
383	0
92	1717
2184	2646
30	2415
27705	0
8	859
943	8367
0	86
0	0
0	0
0	0
0	0
0	0
0	0
4391	0
38	18
4139	1
9	0
67	85
83	0
28	355
5860	0
56	945
18	892
1476	0
10895	0
3469	9
655	0
1993	0
0	0
0	0
0	13
0	0
0	0
184	2067
638	0
0	0
0	0
0	0
0	0
0	0
0	0
0	0
0	0
0	0
5049	0
0	0
0	0
0	0
0	0
0	0
0	0
0	0
0	0
0	358
0	0
1553	40
8	32
366	503
16	0
573	397
0	397
21	0
0	0
4	0
1068	0
1	1322
20	1278
0	0
890	3129
160	274
969	0
24	440
12	440
40	150
0	0
18560	6
105	28
10	1012
86	1133
0	0
52	0
3155	0
1688	0
0	0
64	0
601	2509
715	1
29	0
0	0
6197	0
164	2601
11	0
0	0
1857	0
273	0
0	0
44	1140
0	352
0	0
10	0
4108	0
0	479
0	129
411	24
100	72
7	702
58	1770
0	0
1592	0
93	1238
1053	1241
0	0
0	0
2260	3
0	0
0	0
0	0
0	0
0	0
0	0
0	0
0	0
0	0
0	0
8	0
0	0
0	0
0	0
0	0
0	0
0	1
0	0
0	0
0	0
0	0
0	0
0	0
0	0
0	0
301	7185
889	0
1512	55
78	0
0	0
0	0
0	0
292	1751
1168	0
497	1
0	0
0	0
245	0
0	0
0	0
865	4107
875	0
0	0
1744	0
4577	115
8	12
2	280
0	0
405	2963
305	3877
0	351
0	0
147	1
0	2
0	0
1	8
3128	3968
153	0
8	943
3696	4900
74	479
0	0
0	0
944	0
0	0
0	0
0	0
0	0
0	0
0	0
0	0
0	0
0	0
0	0
0	0
1	0
0	0
0	0
0	0
5929	0
178	3295
1	2250
0	0
6593	11
2318	0
43	0
1	42
1416	6213
0	0
0	0
1	1
272	1741
3342	0
2687	0
16	5126
0	0
523	0
3	0
1134	0
84	0
100	2054
0	0
0	0
0	0
44	18022
469	18498
133	1580
0	0
0	0
0	0
0	0
0	0
0	0
0	0
0	0
0	0
0	0
0	0
0	0
0	0
0	0
0	0
0	0
0	0
0	0
0	0
0	0
0	0
0	0
0	0
0	0
0	0
0	0
0	0
0	0
0	0
0	0
0	0
0	0
2	0
7	0
0	0
0	0
2885	0
0	0
0	0
0	0
0	0
0	0
0	0
0	0
0	0
184	0
7157	0
0	0
0	0
0	0
0	0
0	0
0	0
0	0
0	0
0	0
1	0
2012	0
334	2030
0	0
91	3209
84	724
0	1538
0	0
14192	0
715	0
0	0
0	0
0	0
0	0
0	0
0	0
0	0
0	0
0	0
0	0
0	0
0	0
0	0
3	0
16	1531
0	2
0	0
17	0
0	0
2663	0
1	0
0	0
2	0
15	124
7	124
4	39
1640	0
118	0
2757	0
1	0
0	0
0	0
0	0
3	0
834	0
0	0
0	0
0	0
0	0
0	0
2	0
1	0
0	0
0	0
2509	0
20	0
1	0
0	0
169	978
5	0
456	0
0	0
0	0
0	0
0	0
0	0
164	3757
3166	0
0	0
0	0
0	0
0	2
0	2
0	2
0	2
0	0
6665	1
0	0
0	0
0	0
1611	0
1847	0
0	0
0	0
0	0
0	0
0	0
0	0
1551	47
0	0
0	0
28	581
6	0
1180	0
3861	0
16	485
313	799
78	1535
445	825
1378	0
2395	0
100	1260
0	0
5	9
0	0
0	0
0	0
0	0
429	1
0	0
0	0
0	0
0	0
0	0
0	0
0	0
63	766
216	0
12	0
0	0
0	2884
189	12
0	0
32	986
0	4022
0	0
0	0
14	0
3075	466
187	1433
605	1
223	0
3	0
0	0
11	0
38670	0
526	0
1033	2199
2	1681
9	1780
30	1603
0	2609
215	2720
0	0
0	0
0	0
3944	0
0	0
0	0
1	92
528	2157
1540	0
0	0
0	0
1	0
0	0
0	0
0	0
0	0
30	0
78	0
1643	0
0	8126
127	102
6471	0
8761	1
13	0
7974	0
304	1152
118	1074
347	0
0	13
593	4700
2324	405
0	0
0	0
0	0
1154	0
1035	0
0	1043
0	3106
0	0
0	0
0	0
0	0
0	0
0	0
1257	0
112	3946
89	3511
3	0
0	0
0	0
0	0
0	0
0	0
0	0
0	2
0	0
0	0
0	0
0	0
1448	0
1387	0
0	0
0	0
0	0
0	0
0	0
0	0
0	0
0	0
0	0
0	0
0	0
1	392
0	0
0	0
0	0
0	0
0	0
0	0
0	0
0	0
2	0
2	0
1710	155
1159	1
0	0
29	0
104	2157
0	0
0	0
0	0
699	47
6	1377
54	1377
3	0
1563	0
130	2029
0	1917
0	0
0	0
0	0
0	0
0	0
14	0
0	0
0	0
159	1847
0	0
0	0
0	0
14	1739
1450	0
37	1958
0	0
0	0
54	0
1149	1969
94	1969
0	19
0	2
0	0
0	0
0	0
0	0
0	0
0	0
0	0
0	0
0	0
0	0
1	0
1	0
0	0
0	0
0	0
0	0
244	1
0	0
0	0
2	0
16	1260
114	1260
9	16
3884	0
0	0
3285	0
4960	0
0	0
2696	0
18	72
3632	0
0	0
0	0
1	0
0	0
821	4981
13	4983
42	265
22	1661
873	0
0	0
246	263
27	38
167	2169
0	0
26	286
571	8
1716	142
36	301
0	335
7953	0
6	26
313	2063
2290	0
3	2147
393	0
2	0
3838	0
0	0
3586	14
24	58
0	0
243	3
0	0
1	4
3	0
878	1
1431	0
0	0
131	385
0	0
0	0
0	0
7	0
111	0
2	1640
0	0
0	0
0	0
0	0
0	1877
103	1737
0	0
3065	0
29	567
1	17
0	1769
0	1839
199	1615
0	0
1122	0
0	0
0	0
0	0
0	0
0	0
0	0
0	0
8224	0
19899	0
3	0
0	0
1400	0
0	0
0	0
0	1
0	0
0	0
210	0
0	0
0	0
0	0
0	0
0	0
268	1
0	0
227	908
483	494
121	10
0	0
494	0
34	0
0	0
0	0
0	0
3496	0
1378	0
1735	0
177	0
2	549
0	0
0	0
0	0
0	0
0	0
0	0
0	0
0	0
0	0
0	0
0	0
0	0
6744	0
0	5474
0	0
0	0
0	0
0	0
0	0
0	0
0	0
0	0
0	0
6	0
0	0
215	5183
0	0
379	10248
44	0
423	64
1	0
0	753
277	0
0	0
0	0
0	0
0	0
6476	0
66	2654
0	21
0	0
0	0
0	0
0	0
0	0
0	0
0	0
0	0
0	0
5769	0
0	0
0	0
229	407
1861	0
0	0
0	0
0	0
0	0
0	0
0	0
219	0
0	0
2589	0
0	0
7	1
0	1
0	2443
4	507
3	0
0	0
1546	0
264	0
236	1218
4	45
679	2998
0	6
0	0
0	0
0	0
0	0
0	542
3161	187
98	2465
962	7770
561	389
10	0
139	0
824	0
888	96
3	24
58	225
51	27
0	0
1788	0
1	820
0	0
0	0
0	0
0	0
0	0
0	0
0	0
46	850
0	0
0	0
0	0
0	0
4	0
0	0
0	0
0	0
0	0
1331	0
864	0
2	0
1212	0
0	1
1732	1
149	1250
640	0
0	0
5	0
0	0
0	0
0	0
0	2
4752	0
0	0
0	0
0	2
0	2
493	0
13	1987
0	0
0	0
0	0
46	4
0	0
0	0
0	0
0	0
0	0
0	0
0	0
0	0
0	0
95	1466
14364	0
208	2856
506	543
0	0
0	0
1	1
1244	3437
24789	0
861	0
14	1
0	0
0	0
0	0
5675	0
0	27
0	0
9	83
15157	0
0	0
31	513
0	0
0	1126
34878	17
0	0
550	0
0	0
0	0
831	21
0	1
190	461
0	0
9080	0
929	1599
125	3776
869	0
0	0
2196	0
1	0
0	0
0	0
0	0
0	0
0	0
0	0
1047	403
0	0
1	0
0	0
0	0
0	0
3481	1
591	0
0	0
2488	65
0	0
610	0
0	0
3311	0
555	0
0	0
459	0
0	0
0	0
0	0
0	0
0	0
0	0
0	0
0	0
0	0
0	0
6	0
0	0
0	0
0	0
0	0
1201	293
0	0
0	0
4410	0
8412	0
503	0
0	9
0	0
1172	9
0	3015
2786	0
0	0
0	0
0	0
0	0
0	0
3270	0
905	3211
0	0
0	0
0	0
0	0
0	0
0	0
0	0
0	0
0	0
0	0
0	0
0	1
159	0
211	762
12	0
1342	0
1220	6960
0	0
0	0
0	0
0	0
0	0
0	0
0	0
0	0
559	0
590	4042
8050	15311
58	99
0	292
2210	0
33	722
208	7320
3916	0
13226	0
56	0
0	726
1485	27
0	0
1510	0
0	0
745	17874
1	0
864	0
3871	149
0	0
0	0
8737	0
0	224
7	168
97	1361
7	39
2836	0
5	834
2525	0
0	0
0	0
0	0
0	0
111	0
34	389
0	0
0	0
4	48
0	0
905	0
34	0
0	0
320	2776
990	0
2680	0
3362	0
0	0
0	0
0	2989
0	0
0	0
0	0
0	0
0	0
0	0
0	68
0	0
0	0
0	0
0	0
0	0
0	0
0	0
0	0
6	21
0	0
0	0
0	0
0	0
0	0
4235	0
112	0
0	0
0	0
0	0
0	2078
0	0
0	1
23	0
7012	805
0	0
0	0
1732	0
7742	0
0	0
317	1858
559	0
307	0
1	5
1326	0
0	636
1609	0
1682	0
0	0
0	0
0	0
0	0
0	0
0	0
0	0
3546	0
0	0
87	205
6560	17
2814	0
9	28
0	0
2189	0
0	0
0	0
0	0
0	0
0	32
1	0
65	181
0	0
0	0
1209	0
7	532
0	0
0	0
0	16
0	451
0	0
0	0
1	0
7405	0
0	0
0	0
1920	0
5734	0
15911	0
0	0
12	0
254	1538
41	209
0	0
0	0
0	0
188	1
584	5379
0	0
3	0
986	1
0	0
81	6
1246	0
96	428
158	2096
1814	0
4106	0
0	0
229	3941
1753	9880
368	9880
2433	0
33	38
706	0
2669	1
309	890
300	0
0	0
1089	0
204	136
0	0
68	1116
1871	2
0	0
0	0
0	0
828	0
1	0
0	0
0	0
0	0
0	0
83	1150
0	479
49	1718
3	1752
979	0
275	2549
1	1701
6	2905
2	0
475	0
5692	0
0	0
4	0
179	1883
125	1368
6	0
0	0
62	1
2	57
538	0
0	7
0	0
0	0
0	0
0	0
738	0
677	0
6	321
0	0
0	0
0	0
0	0
0	0
1164	0
0	0
75	228
138	0
3	827
77	966
0	0
4	0
24	1503
5775	0
25	0
235	7443
505	7528
122	815
124	607
902	0
1840	0
19	233
54	0
0	0
0	0
0	0
0	2099
0	1
0	0
0	0
0	0
0	0
0	0
724	5
1	9
673	0
0	0
0	0
0	0
0	1
0	0
22823	0
1	0
0	0
3942	0
37	322
0	0
0	0
491	610
5	738
1109	0
4968	21
1715	0
328	0
85	0
1977	0
1997	0
132	0
3	1202
0	0
698	0
27	154
49	141
61	0
803	112
442	0
2155	0
12624	0
29	1691
0	42
456	452
0	0
1214	0
6	0
788	13871
13	381
0	0
5	0
0	0
0	0
0	0
3	1
0	0
0	0
1791	2037
56	30
0	0
0	0
0	0
0	0
0	0
0	0
0	0
0	0
0	0
1422	0
0	0
108	1001
1248	0
0	0
72	460
0	0
1	1
5278	0
0	0
0	0
0	0
0	0
0	0
0	0
35	297
4847	0
0	0
0	0
34	113
0	0
98	2235
7461	0
0	0
0	0
0	0
0	0
0	0
0	0
0	0
0	0
0	0
0	0
57	0
0	0
0	0
0	0
0	0
0	0
0	0
355	0
0	0
0	0
243	0
1	0
0	0
1	97
0	0
0	0
0	0
0	0
0	0
0	0
0	0
0	0
1456	0
0	0
0	0
0	0
1	0
0	0
0	0
0	0
1402	37
0	0
21	128
8	0
31	5090
0	2986
23	386
0	0
4425	0
0	0
1	0
0	0
0	0
0	0
0	0
0	0
42	379
11	3
0	68
0	0
0	0
57	529
0	0
1688	3327
1	0
0	0
0	0
0	0
0	0
1440	0
398	0
5531	0
142	677
18	7555
542	0
834	0
0	0
0	0
256	0
90	21
3497	0
439	0
1227	0
179	676
7	0
0	0
0	0
0	0
0	0
0	0
0	0
0	0
0	0
189	0
0	0
13	2322
74	881
0	0
0	0
1943	0
0	0
5	0
749	0
0	0
0	0
0	0
0	0
76	845
1595	0
475	0
31	0
0	0
414	0
4	0
569	7392
0	0
0	0
0	0
11	262
37	303
42	0
1179	75
1	0
0	0
596	0
62	26
0	46
1	45
7810	0
407	3453
102	2633
3847	0
2354	0
67	0
0	0
0	0
0	0
0	0
16838	0
532	164
0	0
5	0
0	0
751	0
0	0
0	0
1	0
0	2077
0	6443
2	1
12	907
349	368
1626	0
0	0
924	0
0	0
0	4253
0	0
0	0
0	0
0	0
87	4678
0	0
420	0
0	0
0	0
0	0
856	0
0	0
0	0
0	0
0	0
0	0
0	0
0	0
0	0
1590	0
3461	0
232	0
0	0
18	3078
0	0
0	0
0	0
0	0
6	0
0	2
580	0
0	0
20	36
521	0
2	0
0	0
328	0
2712	0
1056	856
268	709
4037	452
2	0
1	5
0	0
3033	0
307	5838
0	0
2090	0
0	0
0	0
8	13
0	0
0	0
2118	2
0	0
0	0
0	2
2699	10
55	258
84	0
0	5
0	0
34	0
1	0
326	2434
31	1161
1235	0
794	0
0	0
1196	60
822	0
0	26
6	0
77	0
359	2
9	0
0	3
0	0
0	0
0	0
0	0
0	0
0	0
0	0
0	0
0	0
0	0
0	0
0	0
0	0
1	0
0	0
0	0
0	0
0	6
2	388
0	2
0	0
0	0
0	0
4179	1915
42	2279
14	0
2105	0
4	708
0	0
0	0
0	0
0	0
597	988
0	0
0	0
0	0
3771	0
61	315
2028	3328
0	0
1831	13
0	0
411	0
0	0
0	0
167	850
1760	0
0	0
3	1096
1	0
1459	14
0	0
0	0
2647	1
1633	0
0	0
0	0
19	2
3	0
1	0
1239	143
0	17
8118	30271
13	0
117	0
520	0
0	0
0	0
0	0
0	0
35453	137
1541	6
0	3
15085	1
0	0
0	0
2	0
0	0
0	0
16909	0
13981	0
4182	0
0	0
0	0
0	0
175	615
1743	0
17	95
2655	0
0	0
1	2
0	0
41	1133
215	0
0	0
950	0
124	2487
2416	12
0	0
0	0
1	0
15066	215
6	3639
0	0
0	0
0	0
0	4214
0	0
0	0
1	5864
0	0
0	294
186	0
214	104
27	0
233	2303
0	0
140	2107
0	0
1247	0
0	0
14	753
6	0
248	0
0	0
550	0
4395	641
0	0
928	0
42	6
1	0
0	0
0	0
0	0
1959	188
3933	0
2251	0
235	1255
2013	0
0	0
0	0
0	0
0	0
0	0
0	0
0	0
0	0
0	0
0	0
7038	0
3584	0
0	0
7	0
54	2500
17	3005
0	0
0	0
1544	0
1122	0
0	0
0	0
2369	17
0	0
3	0
49	2035
1	0
0	0
5	0
7	0
0	7
0	16
0	0
4	0
1681	0
8	0
0	0
0	0
0	0
115	1852
159	2034
0	0
1224	0
941	2288
1747	0
709	0
22	1
748	2
0	0
18	0
7	60
258	108
222	2051
3	0
391	704
1633	41
1205	0
0	0
0	0
3	1546
0	0
0	0
265	10
3200	22
0	0
0	0
0	0
483	132
13	1590
4057	0
0	0
0	0
0	0
0	0
0	0
47	561
0	1194
0	0
0	0
83	325
8003	0
3488	0
2615	0
1552	0
0	0
0	0
0	0
0	0
1506	0
0	0
570	102
311	3
761	4980
0	0
5587	0
0	0
1	0
0	0
0	0
0	0
0	0
1	0
0	0
0	0
0	0
7	0
37	1
0	0
0	0
35	185
0	124
0	1
4875	30
2657	0
0	0
351	0
0	0
0	0
7	990
12	664
23	5563
52	220
0	0
0	0
0	0
1	0
71	1219
9324	18740
0	0
0	0
0	0
0	0
0	0
5546	0
2	0
0	0
0	0
433	0
1	0
1483	73
0	0
0	0
4114	0
15	265
3073	388
66	6463
5	0
0	0
0	0
0	0
0	0
0	0
0	0
0	0
0	0
0	0
0	0
1992	0
12	0
0	0
248	0
0	0
0	0
0	0
0	0
0	4
0	1
668	0
0	0
0	0
597	4870
0	0
134	1
0	0
0	0
342	0
0	0
0	0
0	0
0	0
0	0
0	0
0	0
0	0
0	0
47	1314
595	78
2	1756
0	0
43	24
0	0
226	46
311	0
0	26
0	0
3	3
0	0
2378	3
118	0
0	0
0	0
0	0
0	0
0	0
0	0
0	0
2	4980
30	1
0	0
0	0
0	0
1	0
0	0
355	0
0	0
0	0
17	0
1	6
1	0
0	0
5	185
1	367
1481	0
0	0
0	0
0	0
0	0
0	0
0	0
0	0
0	0
0	0
0	0
0	0
1	409
2120	0
0	0
205	0
0	0
0	0
0	0
47	251
431	0
5	0
0	0
3451	409
0	0
0	0
97	1376
773	7
0	0
0	1
0	0
0	0
0	0
0	0
414	0
0	0
0	0
0	0
0	0
0	0
0	0
4	0
3644	0
179	2329
0	0
0	0
1478	0
1410	704
5679	515
0	0
0	0
0	0
4	0
601	125
0	0
0	0
79	0
0	0
5	0
0	0
1	0
2	19
0	0
0	0
1088	0
0	0
0	1
496	0
3775	0
0	1
0	0
0	0
0	0
0	0
0	0
0	0
922	890
2173	0
0	0
7	1
0	0
12486	0
2752	8
0	0
465	37
14317	23558
0	0
0	0
49	0
0	0
0	0
45	0
0	0
0	0
0	0
550	285
3023	623
0	0
0	0
0	0
0	0
0	0
0	0
102	1333
819	0
4474	28039
0	0
0	0
0	1
20	99
0	0
8092	0
2600	78
0	0
0	0
0	0
560	232
0	0
2	0
0	0
3	13
0	0
0	0
0	2716
2486	0
0	0
0	0
0	0
0	0
1760	0
0	0
616	305
0	0
0	0
0	0
219	0
10	207
228	730
0	1
0	0
54	0
0	0
0	0
7446	0
0	0
0	0
0	0
687	4870
0	0
155	0
0	0
0	0
1	0
0	0
3245	0
2365	1
0	0
2818	0
3820	0
0	0
2	0
0	0
0	0
1	0
0	0
1	233
1511	520
939	0
0	0
0	0
0	0
0	0
5	0
0	0
78	5
14952	3630
0	0
1224	302
6	0
0	0
0	0
2509	0
0	0
421	1000
0	0
0	0
2	0
0	1
0	227
0	0
1512	0
0	0
86	0
3	357
0	0
0	0
0	0
0	0
0	0
0	0
0	0
48	151
311	464
834	112
0	0
0	0
1	0
0	83
0	0
0	0
0	0
1106	0
0	8
29	125
1202	279
49	0
0	0
0	0
0	0
0	0
0	0
1	0
6	406
0	0
0	0
0	0
0	0
0	0
148	0
5	11
2249	0
0	0
0	0
3786	0
1009	0
1401	0
439	19
0	0
1983	757
239	0
1	422
0	0
3	4
0	415
0	897
0	0
2524	0
2	1233
2	41
122	0
0	0
2	995
0	0
625	0
0	74
31	0
3832	0
1	0
0	0
0	1058
0	0
904	0
3942	91
0	151
0	0
466	0
3963	1140
6	279
0	79
0	0
0	0
0	0
0	0
1	0
0	0
0	0
214	0
0	353
0	0
0	1236
0	0
0	774
45	729
331	402
84	1658
1	60
6712	0
0	0
386	0
185	0
773	16
2676	1462
1595	32
96	4
0	0
0	0
0	0
1	0
5	0
0	0
0	0
0	6
0	367
956	0
188	0
616	10
0	0
0	1
832	0
0	0
4	7
1968	0
20	0
0	0
0	0
0	0
27975	0
183	32
0	0
0	0
2	0
0	0
2136	0
45	40
323	48
1645	0
0	0
0	0
0	0
0	0
0	0
0	0
0	0
0	55
0	0
188	0
5	8
0	0
4	8
0	0
0	0
0	0
0	0
0	0
5	265
0	0
240	143
0	0
0	0
0	0
0	4
0	0
0	0
0	0
849	15
0	0
0	0
0	0
0	0
0	0
32	69
0	868
0	28
16	323
1	0
84	13
0	0
0	110
670	0
0	0
0	0
0	0
0	0
0	0
0	0
2496	305
0	0
0	0
0	0
5	281
1	0
0	0
314	0
0	0
0	909
3	887
4	887
1243	0
0	0
11052	0
0	0
1	0
0	185
1	0
0	0
40	0
0	0
0	0
0	0
2	5126
0	4950
5	873
7	7404
35	4937
1891	0
11	1154
0	68
1	0
0	0
22	566
174	1693
0	0
0	0
538	5
0	0
0	1365
268	265
0	0
0	0
17	1334
55	6569
5	6542
11	6360
1	6360
17	6489
0	6303
0	0
194	0
0	0
2	1229
1	1
0	0
0	0
0	0
0	0
0	0
4399	1
0	0
0	0
7	0
0	0
25	597
3311	0
0	4
1270	0
17888	229
0	0
0	0
13	542
2	0
0	0
1	0
0	0
1	553
0	0
0	0
1	0
0	0
218	1179
4	1
4	2318
329	2314
52	2183
4	1852
18	1891
366	613
0	1505
2	1506
95	1506
0	0
0	0
0	0
0	0
3	70
533	0
0	0
0	0
3	351
2217	261
287	2
1243	0
232	0
1	0
0	0
242	3453
0	0
4694	0
0	0
24	5
0	0
4	70
0	0
1	0
0	1
11255	0
0	0
0	0
223	47
6	0
2796	23
547	20
0	0
0	71
0	0
115	2419
12	2329
5	0
0	2420
813	0
23	0
0	0
388	0
0	0
0	0
36	1
2846	4
0	0
0	0
0	0
0	0
33	1855
0	71
12	1271
316	3
0	0
56	3000
639	8
8961	524
0	19
0	0
9	1
0	0
328	29
33	93
0	0
0	0
247	65
5	0
0	0
0	0
0	0
7114	0
407	0
0	0
0	0
198	0
3650	1
714	0
16	3983
198	2165
3758	1183
2	0
23	3118
168	3227
173	3227
0	1308
83	3124
0	0
2400	10
11	1326
3	1297
2880	0
0	0
457	1234
0	1
0	0
2890	2069
0	0
2339	22
0	0
17	0
5	1340
0	1334
0	0
0	0
0	0
0	0
0	0
0	7
0	0
194	29199
1	367
40	0
68	36
3582	29199
26	66
0	0
0	0
0	0
0	0
0	0
0	0
0	0
0	0
14	1403
956	160
10	0
10	0
128	0
275	1403
0	0
19	2606
22	2375
27	1393
0	0
109	7023
130	4716
0	0
37	0
0	0
22	375
68	0
0	0
0	0
2	207
500	109
8	0
0	22
0	22
0	0
85	0
0	0
2	0
0	0
3	1286
0	0
100	52
3425	0
356	46
0	0
0	0
3	0
0	356
0	0
0	0
1185	0
34	645
0	0
1	0
313	46
76	46
1172	0
19	0
1	0
72	3
1738	228
30	3
44	75
2	75
0	0
0	0
1	0
12	1
1	0
0	0
1	0
0	5347
0	0
977	3
0	0
164	5322
0	0
12	26
0	26
0	1058
0	0
2	0
0	0
0	28
572	58
0	524
0	0
0	0
0	0
11	1326
0	0
0	0
0	0
5	0
200	4
11	0
0	0
0	0
0	0
0	0
0	0
14	464
0	0
0	0
227	1439
76	1439
79	0
13	0
362	0
0	2
0	0
0	0
0	0
0	0
2022	0
4	125
668	425
125	343
2	232
1053	43
19	80
8	0
0	406
0	0
0	0
0	488
0	553
0	0
941	4
0	12
24	118
557	0
1376	5
13	522
449	0
1263	4441
21	118
430	4442
9	2888
0	37
0	136
188	0
4	24
192	0
0	0
24	0
654	0
9651	79
2	0
0	612
1	0
104	0
6726	889
1	41
2	0
23	0
0	456
0	0
2435	0
0	2
4	1
389	0
1	0
0	17
865	0
2	0
1463	0
0	0
6	52
0	0
102	0
0	98
0	0
1590	0
0	301
1	265
139	0
491	1051
29	2385
3181	0
151	0
1215	35
5	91
281	26
25	2392
0	68
156	0
73	692
1064	0
0	0
142	49
1	279
54	0
172	0
0	3
0	29
1	1
2845	0
0	0
3	1211
0	0
461	952
283	0
2316	0
57	6273
1211	413
40	0
730	0
1	0
344	0
27	0
0	0
26	40
0	3827
2457	16
649	0
0	0
1132	312
4	0
89	0
94	0
7	1303
5	50
6	50
3	445
1146	0
6	394
11	10
0	0
0	757
0	7
0	0
201	0
140	27
647	279
1	152
881	0
598	0
401	128
246	0
33	67
12	358
726	0
0	90
0	2
2	394
173	0
208	0
0	0
0	209
14	338
65	8
32	43
0	0
0	0
1086	0
0	0
23	0
126	0
379	0
374	0
13	65
311	0
0	195
0	487
0	183
0	0
0	477
4982	0
14	0
2286	8456
4	0
0	30
1	84
2	315
3	8456
0	46
6	32
0	32
2	29
0	115
0	0
4	497
37	1739
0	479
154	64
18	1738
0	1
10	1725
2	518
41	930
0	0
2116	153
1815	6
927	0
85	0
8	22
0	0
0	40
1	0
6	18
0	0
19	8
0	23
0	0
442	0
361	0
1	3
0	3
43	8
0	0
0	839
3	775
0	62
0	484
0	2
407	1560
0	0
30	144
0	0
1	92
5	81
3	0
172	0
7	0
1857	0
3	30
2125	0
4249	0
1511	38
42	0
1505	0
32	171
0	0
1999	0
319	0
4	83
2	378
525	748
17	748
2512	0
1482	0
4	0
156	297
60	297
1488	19
221	0
0	0
0	0
4	413
14028	0
1	495
0	0
0	1536
8	1382
13	1413
1943	0
2190	0
260	0
1521	0
835	0
1	198
259	0
15	0
2800	0
0	0
0	8
2	0
0	0
50	0
1	0
269	0
411	0
4	0
0	0
9	0
1	0
0	1
0	0
924	0
0	0
0	0
13	1053
527	0
1359	558
0	0
538	0
1	285
0	0
1279	1
471	3098
0	1338
22	1263
8	1289
0	1309
0	1279
34	136
164	2301
2775	0
11	770
203	2253
16	2253
41	1360
79	1348
20	1358
659	0
0	0
143	4495
26	4533
14	4533
12	4512
70	3998
106	3240
7	1948
0	1470
0	1976
6	0
30	888
135	4660
349	6079
0	7645
0	7290
74	7250
0	7775
26	7719
0	7599
0	8096
2481	0
0	1
0	1
0	1
0	1
4890	0
850	0
1330	0
2957	0
493	3242
8793	5309
25	62
0	2023
18	1951
4	1914
0	1
384	432
24	360
0	0
154	5491
5	8
32	361
770	0
0	0
123	1467
1	1467
6	2647
6	2647
0	3
25	156
0	156
0	6449
12	6895
0	6641
0	0
106	792
148	792
4	794
4952	0
4	498
9	306
8	452
5	162
6	156
0	0
0	0
6	85
0	0
1	2
0	1
0	0
66	1103
15	1055
85	1740
64	400
4241	0
2	0
1074	0
237	0
0	0
179	2679
0	994
2	956
4	937
0	29
0	29
504	2679
142	5625
616	0
0	15
23	1449
23	1449
0	185
0	277
0	206
1465	2
0	0
2408	0
1138	0
0	0
4	0
45	7282
16	64
8	1572
6	1572
41	7621
0	0
0	0
0	0
0	0
7	732
5	728
4	726
476	3
16	13632
24	13600
222	0
14	351
1	342
10	332
780	0
4179	0
20917	0
6336	10
0	0
693	2826
1	2826
933	0
0	901
45	799
0	799
3	789
146	14388
310	892
887	301
3	149
901	0
275	0
0	0
0	0
0	0
0	0
0	0
0	0
825	0
19	220
13	220
1	1
0	0
0	0
28	0
1	0
1541	0
2	713
8	638
5378	0
2546	0
661	0
0	30
0	30
6	17
2505	16806
0	1087
0	470
0	1
33	5278
1450	0
0	1080
0	1948
0	2585
0	2638
0	1810
0	1863
3337	0
64	2989
5223	0
0	0
0	0
11901	0
2	0
1	0
0	0
0	0
953	0
28	0
633	1426
0	0
58	569
3	477
5	443
7	1133
7275	21
0	3
1	1067
0	2832
0	2879
6	2670
40	2761
6	2641
0	2982
0	837
0	789
6	789
4	797
1	0
0	1816
0	676
0	866
0	0
641	12
0	0
0	0
0	917
0	0
3623	0
0	914
18	188
41	702
25	714
7	699
5	699
82	1208
9	859
5743	0
7	377
0	939
780	920
47	4421
3	15
4	7487
12	0
0	0
1	0
0	1
0	652
4	41
0	86
6846	0
0	0
0	0
0	951
88	909
21	907
9	305
0	88
6	474
9	469
4	468
1	232
0	0
3	313
5	2861
164	94
13	0
1590	0
0	30
10	0
0	2
0	3829
7	2940
2	2940
0	2849
2	2849
142	2912
14	2691
0	11
0	11
18	376
0	828
0	587
11	547
17	491
11	446
22	1844
11	1846
4	1844
1026	0
119	6011
0	0
0	0
0	0
0	0
0	0
11	256
730	0
4	1318
3	425
1	425
0	411
16	2900
0	3013
0	2638
0	2732
0	2826
5	1724
6	2373
0	2
0	0
0	0
0	0
0	0
0	0
2	13
0	928
2	863
0	854
0	0
0	0
1	190
18	160
0	120
0	0
0	0
563	0
0	0
0	0
0	0
3	890
12	877
4	877
41	0
2	866
0	0
17632	0
44	1
0	1137
5	1073
18	1135
1	991
13	282
0	0
0	2982
17	2810
4	2769
28709	0
29	1119
3	779
5	779
0	2660
0	2517
2641	0
14	623
2	881
101	2065
0	1353
7	1352
26	1375
1	0
460	0
486	0
581	5
8	1066
6	0
7	323
2	278
52	2348
7	771
5	13319
37	1192
0	517
12	518
0	508
12	1192
9	486
64	2437
0	0
0	0
8	183
0	186
3	186
0	273
12	0
0	138
0	195
28	164
14	83
0	0
0	0
6032	0
0	0
846	0
0	3198
13	3191
0	3189
2	3186
103	213
5264	0
2	4240
603	4392
17	1275
1	1196
62	1371
4	1292
71	433
1690	0
1152	0
231	662
0	0
0	0
1012	0
3078	0
0	1
0	795
0	31
2	0
5	276
28	286
580	4098
0	762
246	4098
5	866
129	430
1	710
517	4024
179	4024
1	356
39	67
9	761
16	79
0	687
16	645
1	583
22	330
1	330
0	330
3	962
20681	0
1	455
15	218
2	433
0	1395
35	1337
20	1235
0	453
0	449
0	451
2	453
0	460
0	0
0	0
18	452
1598	0
18520	0
474	0
10143	0
4	534
1051	0
0	0
0	0
0	0
4	93
4	176
0	5
0	1331
58	1316
12918	0
2	1478
14	1478
3	1458
0	2450
4184	0
1	0
5	4820
225	5606
5	5608
20	5606
0	352
1	273
1	266
3	297
23	0
0	299
3	284
1	284
0	284
0	197
8	906
2	908
4	906
20	615
681	0
15	1841
269	1841
0	0
0	0
1386	1
844	205
0	0
0	0
0	0
1	298
20	6998
5	6995
0	703
0	0
12	0
0	1693
5	1589
78	1590
10	1418
22	0
37	1
0	0
0	728
28	634
241	1296
3	1470
0	0
0	0
0	0
1	372
50	965
2	569
0	0
0	0
0	0
0	1260
16	859
0	859
10	831
0	1147
0	1147
0	1974
73	1796
4	1943
2	1961
811	32
3	0
0	0
3714	1
0	3
302	6120
5	6120
109	960
231	2124
47	1541
0	0
3	6111
1	1865
36	1823
5	1822
11	1822
179	2392
149	583
12	14
0	110
0	154
7	113
5	112
1	129
19	146
2	140
114	3714
5	3600
7	3711
20	3676
9	2491
1	3576
13	3562
13	2655
5	2781
5	2732
0	1765
56	1754
77	1758
17	1692
79	1379
8	1379
25802	0
41	579
50	507
0	493
3	456
0	383
282	2
0	395
1	385
0	311
0	284
64	376
1	376
23	1911
21	1911
102	9203
0	0
2	1015
0	0
122	0
7	1076
0	424
1	420
0	387
0	379
103	902
7	895
333	3900
314	3900
94	197
6703	0
0	0
7671	0
2307	0
0	0
0	0
5	67
0	1312
863	0
1	8
12	1160
47	12883
219	2079
0	3
7	1414
95	487
66	488
78	1417
281	324
0	1733
0	1790
0	1722
0	1828
4	1901
0	1814
46	1445
1	1874
0	879
0	1328
0	2446
0	2638
1	1938
10	3179
0	2555
0	0
0	0
0	0
4807	0
93	5121
16	1000
7	1077
0	1100
2	1173
0	1269
10	759
2	684
30	0
374	3831
52	3485
22	3443
34	2915
203	9645
220	7143
79	6379
48	1932
3	1099
2	1002
11	1186
70	1183
4	510
10685	0
3	4000
22	4000
1388	0
71	3709
2007	0
11862	0
1	0
502	0
2350	0
8809	0
1807	0
8	0
842	0
1202	0
4553	0
0	0
7826	0
3335	0
0	0
0	0
676	0
313	1740
10	1740
0	1926
110	1740
0	1988
1	2321
227	2496
6082	7819
575	2
0	0
0	0
0	0
0	0
3719	0
0	22
0	22
0	22
0	22
46	2993
4	2988
133	3484
240	0
5	487
1	349
16	331
8	308
11	259
18	2869
29	2787
11	2652
8	2834
447	1890
0	274
2	206
0	209
0	209
3	209
10	209
6	206
653	8610
0	0
1115	0
1	0
0	0
0	0
0	0
0	0
8	10
245	4254
1423	1
408	2301
6	2301
7	430
26	420
40	250
129	1587
3	1553
13	1532
1921	0
13	1648
4	1626
4	1610
20	1610
2	1569
0	43
3512	0
0	6
0	2063
3	2031
1	2030
12	6
0	0
12640	0
0	1374
0	0
0	0
0	0
0	0
8	321
0	100
108	5245
0	5240
6	5138
2	5232
5	5127
24	5095
170	0
1	167
251	1117
115	1677
19	1574
0	1552
2	1552
5	291
6	291
2224	0
273	326
4	326
26	5460
2387	0
0	0
13	86
4499	0
658	7939
69	7940
25	7941
13837	22194
1	93
34	280
28	3605
0	1
750	0
0	55
1	53
0	49
1	53
0	50
0	14324
126	13644
597	13998
1	13161
3317	0
0	18
0	18
5072	62070
1392	0
191	1639
18	1640
4	1640
24	1429
7	1302
0	3848
24	3716
0	3858
0	3916
0	3897
0	3531
0	3541
0	3547
9	3614
0	8
5	1334
3	1336
2628	1
952	1
2	975
130	784
138	761
6	660
31	2462
2072	0
1	269
1	4171
17	2771
35	3630
49	2236
3725	0
59	2268
0	0
3	0
2694	0
0	1916
1654	0
24	227
5	127
0	9
21	1807
8516	0
8	5443
1	134
34	132
0	135
18	132
103	3
0	0
0	0
0	0
0	0
22	296
2	296
19976	9372
0	241
55	262
6	174
37	600
68	1221
8581	0
8	1190
23	1080
51	547
26	547
9	0
0	0
3	0
251	0
9	887
6	103
3	887
10	0
19248	0
0	751
48	741
7	38
7	29
988	105
0	1132
10	1019
3	1058
27	528
2	3217
532	3
14	12
64	379
1	379
0	0
2101	0
29	2933
13	2933
0	2439
100	2123
1455	0
5	599
10213	0
0	0
0	1108
70	938
0	21
0	21
3663	0
6910	0
4144	0
660	0
47	5993
2	5993
5437	0
1	54
1	44
0	48
0	44
355	0
2713	0
14	1018
1285	0
0	298
7	298
5	220
9	50
0	50
1	43
0	16
0	0
11	599
9	431
4389	1039
381	557
335	0
10774	0
0	0
125	529
0	0
0	0
2066	5419
19	529
0	0
1	4
1	4
0	4
39	0
7	1877
79	1877
7	1867
4	1877
7	1834
72	1671
1	139
2	129
5	129
18	73
0	62
4	1351
30	1256
7	1254
4	292
2	0
0	501
1	382
9	383
12	383
0	839
0	394
0	377
0	767
8	0
0	3803
84	3656
6	3610
3	486
21	388
10	388
24	467
498	12007
1	407
0	598
0	500
3	498
2453	0
0	0
0	0
39	472
57	457
0	0
0	0
0	1353
0	1426
0	1388
0	1216
0	1385
0	1257
0	1219
6477	0
2573	0
998	117
0	2294
2571	0
4080	0
0	2068
0	0
123	2048
2	0
0	262
48	127
30	142
0	289
0	0
9	12071
40	1653
3	1577
0	1
216	1158
1997	0
0	24
198	1425
581	2837
2	833
22	831
2	61
0	0
1	0
7	5
1667	49
1	2154
659	0
1	6
2	6
749	3971
5	200
8	190
3	778
7	1008
0	1012
3	707
14	526
7	1197
0	0
3	55
1721	22
0	1
0	1
0	1
1	1
2	3208
1	3170
158	3250
61	37
7	60
724	96
49	1073
6	1073
1	1073
3	1073
1	1072
10	0
196	4840
239	3348
686	3348
5	2524
11	2465
25	2503
7	2442
17	2503
4	1742
1	1628
0	0
191	108
21	851
1	0
3930	0
2551	0
7	1
0	445
206	0
209	445
30	1598
0	184
2202	0
5	3443
262	3443
5	212
19	3380
0	20
2	21
0	165
7500	0
0	0
0	0
4	918
87	1258
2	1258
0	1261
0	0
0	4427
1118	0
0	1549
5	1317
0	1353
0	1324
0	1329
3	1346
0	1346
0	1358
0	1387
0	1363
0	1373
0	1540
20	5196
2	73
0	1024
0	812
86	927
4898	0
18	2548
2	2432
15	2477
4	2468
7884	0
0	205
0	205
136	308
8	5178
2	4874
218	4731
1	4899
16	4696
22	4713
4	4546
4	4450
19	4555
0	4349
10	4467
14	1960
446	1957
0	0
3585	0
962	0
7	90
2068	72
30	3362
262	3362
575	7269
4148	0
10	685
48	1
5902	0
1211	0
3	0
345	0
14	0
3024	0
22	288
1599	0
0	1139
24	768
10	1207
2012	0
0	0
0	0
0	1
30	180
26	180
38	3958
1	3958
0	681
0	695
21	669
0	718
0	732
0	555
13	2030
317	2030
3	197
0	176
13	203
0	0
2364	0
31	867
2	56
3	49
1	150
72	2031
0	2021
876	23
4054	0
0	1
232	0
123	132
3045	1
0	0
0	3776
2	3495
0	3289
28	635
11	635
0	8057
1430	8067
37	4223
0	0
1407	7719
912	0
11	263
3	1475
7361	0
60	1
0	0
0	2
0	2
3	389
0	0
21	1048
6	891
0	0
4	41
239	1967
49	0
0	4
2	2789
2142	0
174	2880
147	0
0	1481
24	1492
19	1418
0	17
1	16
0	16
1	16
0	16
0	16
0	18
0	17
23	0
25	1898
4	1896
0	28
8	2005
20	0
7	942
3	26
0	2773
26	2737
53	2715
0	0
38	0
1	0
21	0
0	0
0	0
18	339
0	0
0	344
4	324
9	1704
0	1604
9	1699
10	1555
5308	0
0	0
2	0
0	0
0	0
0	0
0	691
0	601
0	635
12	603
5	482
15	1727
0	53
0	2300
30	2291
12	2253
10	2247
6	2235
0	4
4	971
0	873
9	383
7	296
36	4773
0	0
34	4102
0	3927
0	4017
0	4040
0	3859
25259	129
1	0
3	2813
2620	2
9	2414
0	1823
77	1819
14	1785
0	190
0	0
0	0
0	417
99	0
0	0
0	0
0	5611
65	5510
10	5334
161	5445
8	1574
29	1577
0	2239
18	1950
183	2030
92	6886
783	8120
57	619
14	637
0	52
0	52
16	0
1358	0
29	0
0	926
716	0
0	926
0	32
241	513
0	0
13	854
0	3872
1	4024
1	3436
19	401
8	401
2	929
0	0
15	4676
723	90
668	4653
0	0
0	0
9	1392
25	645
11	645
0	305
0	0
0	2
0	2
0	2
0	1105
12	1015
9	356
0	537
10	531
6	519
0	529
9	663
0	665
63	3723
123	1906
1801	5394
1	2846
1	0
1	0
0	0
235	4
56	0
0	0
783	42
128	109
1	140
3	144
43	593
118	288
7	288
21	288
38	0
6	243
106	377
41	227
1	334
114	341
0	195
9	196
0	190
25	529
1	1307
12	12938
1481	7517
9	7313
569	1417
2	1417
1061	0
0	1590
22343	0
29	87
7	87
53	2218
1	805
0	5941
5	5680
0	5948
0	5688
0	5843
1	5698
6	5654
14	754
98	475
0	478
1	22
12	421
2	421
4335	0
2	259
92	1423
1	1354
12	1423
17	1394
30	1325
6	1325
99	1231
284	0
0	1
2	56
0	56
0	56
2258	0
37	0
945	15
0	0
620	0
1232	0
3	0
3920	0
1	0
3767	0
557	0
3633	0
1	0
13748	0
2263	0
3	0
0	2
159	0
314	0
0	1
8	549
50	599
31	7810
109	7878
2	144
3	139
0	144
18	3052
11	3030
12	3019
184	3013
23	2839
0	1
72	1024
0	1
0	4
0	4
1	4
0	4
1330	0
136	524
0	0
0	0
153	315
0	0
0	4502
1074	0
2162	0
2828	0
38	191
753	256
2	2
195	4018
1	4024
84	3997
0	2
242	2114
173	2114
0	254
4	254
31	1071
24	3311
3	713
0	0
9	0
0	1
0	698
18	389
3	389
10	297
46	625
0	625
1	665
0	14
1	14
3334	0
0	1124
3	1105
175	2277
0	2277
14	0
3	0
9	2860
3	605
2081	2714
2741	0
5	613
0	579
2	555
84	1236
796	0
9	901
3	896
0	168
0	171
0	43
0	0
20	238
0	238
1	285
1	175
0	2992
23	2985
7	2947
0	0
0	1428
12	1420
179	1809
154	1709
0	1466
1	1487
0	1411
2	1460
5	0
0	0
2302	0
0	2393
0	0
19	793
0	3529
3807	0
0	0
0	0
115	1
2682	25
4	2280
5	317
5	1374
5	1302
0	0
51	2113
13	2030
7	208
8	203
16	207
5	0
1281	1077
81	922
0	5
0	554
0	591
42	591
0	518
10	730
26	730
33	786
4	817
0	816
3560	0
4786	0
1733	14620
68	14620
0	0
1313	0
0	0
57	1102
15	245
18	780
6	780
0	1081
3332	0
40	4314
0	4320
0	4448
0	4355
0	0
4900	0
814	0
4449	0
14	937
2	363
0	338
3195	0
0	258
1159	8505
1468	323
1222	323
0	1
0	0
5	369
41	8366
0	0
0	0
14	934
186	3729
8	3720
4	3718
156	1308
1	1308
10	23
6	23
0	354
2	339
15	2123
12	2107
2	2019
80	474
5411	3906
352	4546
34	0
0	0
36	3906
0	0
847	0
13	0
0	0
0	0
142	2527
0	10
16	16
0	0
0	0
0	0
0	0
2639	0
661	0
0	357
1	356
1	342
0	0
1092	0
0	0
0	12660
0	0
0	0
1	1366
2	1377
64	1367
24	950
10	1586
22	1531
6	1532
8	1532
2	1330
9	1331
0	4
5	7868
0	0
0	0
100	1
0	47
1	47
0	107
0	47
0	47
0	42
0	3
7365	0
65	30253
4	2518
504	4019
67	4019
4	340
1678	0
220	3261
15	3265
0	798
0	791
0	819
0	313
0	341
0	462
0	490
0	0
0	871
7	205
9	206
34	1054
2	1054
0	3
0	2781
0	2976
183	3363
25	3363
0	2709
51	1070
0	0
0	0
0	0
0	110
58	400
137	400
8	400
0	0
0	0
0	0
75	466
15	2626
1	858
0	0
0	750
11	705
20186	0
4700	0
0	0
1875	0
1402	0
1	97
9	83
2	3904
133	3990
0	3116
45	1573
16	1267
0	1332
273	814
0	0
0	0
101	6
100	0
0	0
0	5230
9	5014
2	0
0	3959
0	3611
1	3442
0	3640
0	3465
67	2128
2119	0
0	2
502	1285
80	9416
22	0
0	0
0	0
28	920
7	887
2	887
16	1347
130	1193
482	2919
38	3234
2247	0
0	0
0	183
12	176
0	144
30	634
0	13
44	43
0	13
922	0
3	164
2	147
0	0
8	1320
1	1320
0	0
1	0
706	0
0	0
1573	0
56	1336
15	0
3	0
0	0
4	887
0	0
7	796
0	0
0	0
0	0
10	699
17	638
5	638
2	0
2982	1308
971	3463
0	0
2	0
21	0
2628	3621
171	967
180	967
135	1022
64	1022
7	980
221	1832
128	2470
90	2460
0	0
0	7786
47	7088
25	245
0	15
0	16
1163	0
0	86
0	1569
3	82
11	86
0	0
109	3242
1581	0
18	17286
66	20321
145	1567
10563	2
50	1160
7	1159
9	1156
144	222
0	1502
0	0
0	4559
0	3095
5319	0
0	1
0	3433
3	3336
10	3326
3	606
3	552
2	1079
4	1084
1	1081
15	1072
6	1072
10	943
18	6276
157	1268
3	1393
142	2347
6	1366
3106	0
15	496
41	951
0	4172
25	754
41	0
12	218
4	196
5	98
0	4116
2	1927
1	1930
484	434
4	200
0	3924
8	386
10	399
2	379
0	375
0	0
0	0
0	3908
0	0
0	0
150	0
11	0
2	0
23	308
0	3852
454	0
0	3660
0	0
0	0
0	0
0	0
0	16
7	7000
4	6863
47	7099
75	7097
8	6851
5824	3
0	1
6450	0
4	3945
11	3969
0	3
2	3
48	826
10289	0
758	7618
9	3768
5914	0
0	2749
36	2193
0	0
0	0
0	0
0	0
0	0
0	3589
26	3483
1938	1
0	3341
0	3351
0	543
6	486
7	542
0	538
0	0
1843	1
62	3800
0	0
0	0
0	0
0	0
0	0
20	421
27	1
0	0
0	8
0	363
51	1356
1	0
0	0
16	1708
186	2129
196	2129
1579	13907
0	3031
0	2934
0	2989
0	3023
0	2932
0	2929
1	2845
0	2827
2	0
5	0
9	8772
0	0
6066	0
24	337
4	337
0	342
0	337
0	15
0	15
3851	0
2250	0
14343	0
0	0
1120	437
3191	74
4	873
14	890
0	0
0	0
0	1
0	1419
0	1628
0	1619
0	0
0	0
3080	0
0	4456
0	0
7	4290
0	0
2	4174
7	1952
0	1946
1	4355
865	10
1	0
0	4104
0	3574
5	3567
1	3556
7	3444
4	4
0	0
1323	0
0	0
57	4375
12	88
0	86
0	39
0	4158
0	39
6	4204
19	641
41	2728
11	2728
20	4136
0	3780
19	3867
128	1415
2683	0
0	0
2587	3
282	20
8	729
21	729
2454	0
0	71
2	900
15	56
48	961
24	900
1	900
6	844
0	0
1964	0
96	3055
97	3342
0	3193
37	3051
15	2899
51	2977
60	3058
9	2875
9	2856
301	2138
35	780
29	691
172	17
652	3035
13	3029
1	3034
1648	0
119	1252
413	2503
1430	2503
38610	15
18	1887
5	1438
0	7
72	1438
0	0
2222	0
7322	0
1	0
0	0
0	0
0	0
7	0
0	4607
0	4310
0	4317
594	1
0	7837
1859	7
125	4479
312	4479
5280	122
2040	3065
345	3065
0	10
0	10
63	898
29	1285
0	0
0	0
0	0
0	0
0	9
0	0
1	0
0	0
0	0
0	0
107	1343
426	1
10	474
7	437
5712	0
929	0
27	254
4213	0
12	334
0	326
0	63
0	0
0	1022
18	922
19	883
4	864
0	63
0	0
2648	0
15879	0
4	0
0	57
0	0
2269	0
0	63
134	7
3592	0
1373	13
147	1264
17	1270
236	1271
0	1263
0	57
3	3297
52	3483
13	3123
13	3309
0	53
3	0
1196	4
1771	0
0	0
500	0
1	0
9	733
0	0
2	0
235	0
4763	0
434	0
0	1
22492	0
4621	343
1366	0
727	0
3235	0
174	0
36	1335
431	0
0	0
7349	76
0	0
114	669
1915	0
4986	151
19921	0
3219	0
431	0
2711	0
0	4
43	0
625	12
0	0
5	494
0	0
0	0
503	10263
46	10263
86	5156
528	5168
0	13
0	13
0	13
0	13
0	13
0	13
16	1218
0	2029
41	2082
10	2082
0	13937
0	13772
31	165
4	165
0	165
601	0
0	10699
145	8410
951	9852
5135	0
0	0
0	0
0	0
2211	0
0	0
7	0
7727	1211
0	769
34	662
8	661
13	653
33	657
2600	6
0	0
0	0
0	0
4400	0
0	0
0	0
1021	2
0	5
0	0
0	0
0	2
0	114
0	113
0	114
0	113
0	112
0	112
0	111
0	111
4	59
27	59
0	3
0	3
29	1
14772	0
13	191
6	191
0	0
0	0
0	0
0	0
0	0
0	0
0	1372
0	1379
1077	0
25126	1
41	991
9	755
2	997
38	1246
0	1300
1	1183
268	23
538	0
0	1
0	1
0	3443
0	0
53	0
0	112
0	102
0	101
0	0
133	184
2	622
14	580
2	568
3	598
1	566
2	590
0	414
5	365
19	1469
286	1245
134	932
12	21
0	888
1	686
11	821
6	932
629	1
1	749
1	60
0	1075
0	1000
21	968
143	0
191	14664
4	88
11	1497
31	1542
2	1465
23	912
15	912
0	0
0	0
2194	1
249	1253
148	0
983	190
87	229
58	609
10	608
16	1613
3	1121
5	0
10	0
10	0
0	0
0	0
179	3692
47	3697
37	3236
9089	0
13	299
15	289
2	289
1909	0
5	226
12	253
1037	0
558	2
71	0
3	2714
21	337
51	337
83	1
1	1828
18	1724
3	1723
6	1706
0	950
3	950
7	950
26	519
13	513
4	492
25	450
1533	0
2	90
0	138
0	0
16	137
0	128
4	126
302	805
729	31868
0	310
1	313
1	317
0	312
143	177
0	187
7	49
0	62
3138	22554
786	22554
20	26
3	26
2541	0
0	0
14	0
904	0
5082	0
17007	0
0	0
4019	26
0	5342
15	4800
7	646
8	653
22	3324
0	0
61	3589
16	553
4	552
19	551
20	551
5	418
3	342
0	269
950	0
4	683
15	674
1	657
10	646
417	2148
765	0
0	450
0	439
4242	0
0	5217
49	5616
59	5592
14	0
246	2916
18	2916
39	2832
15	426
0	416
0	334
0	417
0	407
0	315
3	424
1	404
0	3
0	3
1	2029
0	2029
0	2018
0	2034
0	1986
0	0
20	2
170	2864
57	2864
2019	1102
0	0
250	1102
0	1932
10	1915
70	1864
6	1835
0	1
89	150
0	144
0	144
0	0
19526	3447
10	1137
72	1047
20	4185
86	4194
66	4194
1	19
25	1348
47	1504
3	1446
855	637
0	1
64	4783
1	0
1	1
16	216
14	203
0	4
545	6333
3	6333
0	241
0	224
0	11864
2	227
7	1233
0	0
0	3255
3	11864
168	3252
101	3024
5	264
1200	0
75	3815
13	4632
0	2489
0	2385
6	2415
0	2415
5	2351
0	2616
9	682
0	2526
13	2468
22	2196
1	2378
0	0
0	0
0	2
0	2
0	2
0	0
2	694
1697	0
18	1302
38	1702
16	1702
0	1836
75	2293
5	2316
4	1473
13	1454
87	0
598	0
53	2030
0	2030
12	2030
0	2030
3	1969
5	426
1	240
1	0
0	0
4	1273
5164	0
0	557
26	1273
0	0
0	0
0	0
8	1320
0	0
0	0
0	0
0	0
0	0
0	0
0	0
0	0
0	0
54	412
3302	0
56	7122
51	903
0	0
0	7
26	494
21891	0
0	0
1	502
0	0
18	755
14	694
3	646
6	493
0	0
2625	456
2	501
0	474
5	438
2	436
10	434
1	495
12	469
3	409
569	2879
42	1462
1711	0
5859	0
4947	0
1071	0
0	0
1	1037
0	0
84	0
266	0
6	32
90	3436
57	6177
1129	0
0	0
0	1
0	0
0	0
21	1287
60	1287
0	16
0	0
0	0
0	0
0	165
0	161
156	5869
77	5951
5	5940
11	5105
2	5168
1550	0
1668	0
33	1304
8	1304
0	883
1	852
0	870
0	0
0	344
0	332
24	321
0	323
0	287
548	17184
0	0
0	23
0	0
0	0
3053	0
2	6
14	6586
111	6758
107	911
26	695
0	802
6	15
4530	5
0	0
27	474
6	474
2	474
0	648
102	828
0	630
10	631
0	0
10	825
275	0
0	0
64	667
707	0
1386	0
15	6229
720	0
0	6
210	4848
12	4848
0	279
0	279
0	99
4	99
1	693
2152	0
6703	1
11941	0
0	4540
7	4395
43	4427
2	690
65	0
1	251
2	2393
113	2393
51	2566
0	0
0	4
1547	0
9	0
0	30
0	30
1	30
0	30
0	30
1	0
0	0
8368	0
0	2
0	2
0	2
3226	4
12	3
354	0
2908	0
1474	0
610	0
81	1186
626	0
25	3840
4	3840
4508	3
1	2
3	195
0	195
3	175
3	450
15	531
0	0
2664	0
7331	16
9691	0
66	0
0	0
18	991
5222	1
1	1285
0	406
1	354
0	373
0	305
2	6759
2670	27
9	974
59	1045
374	0
0	0
102	1319
400	0
2	402
5	355
0	332
8816	0
0	1653
2	1670
0	1649
8	1649
2	1649
12	1649
7	1648
5	1600
284	2210
9	2207
0	34
6	2482
0	100
0	95
198	4317
0	34
9	4317
5	4304
2156	0
45	711
18	705
0	0
6	0
0	0
4150	304
3	0
0	1929
28	1823
1011	0
0	0
833	20961
1361	20851
12986	0
36	3657
144	3284
0	106
4	105
1	102
0	102
1	60
0	0
804	2681
1	338
0	2
0	2
0	2
0	2
0	0
0	2548
32	6794
2228	0
4	13351
7	13337
3	13337
1480	0
592	0
0	6
579	1230
525	0
700	0
4	0
489	116
4082	0
0	0
226	252
1179	0
0	0
229	0
2950	0
0	0
0	0
428	0
0	0
179	0
11	0
0	0
18	4749
631	0
15586	1
1	7
30	482
2301	0
4	3927
5	608
5	608
127	0
0	0
0	0
8770	0
0	0
706	1
0	9
3	15
12	1875
1	2
99	2
0	0
18	196
60	2040
48	1392
85	1392
15	1392
43	0
1233	0
601	591
27169	0
0	0
0	0
0	0
4	0
1022	0
2374	0
1	0
829	0
19592	0
0	578
2	283
96	1389
0	0
0	0
45	1352
3	3077
79	3197
9	1983
5	1132
2	149
23	469
2	40
1926	0
0	0
0	13
0	13
0	13
44	1215
578	1215
8751	0
1	33
0	2460
1	897
0	706
0	1563
8	1562
10	2457
0	14
0	0
15	1055
0	13
55	2313
11336	57
0	0
0	0
3062	0
65	547
7	1135
24	2196
2	18
3053	3
0	445
0	6820
53	6052
1630	6677
33	116
1	137
43	119
0	115
0	3436
3019	0
1079	0
5	128
0	3204
17	3084
6	3047
551	6206
233	3679
0	0
698	0
9	1289
6	24
0	18
33	2948
12	2911
72	5575
326	5512
5	5493
169	7892
86	7421
0	0
5365	0
125	0
85	2059
37	1939
7465	0
1417	0
864	2
9540	0
0	5022
0	0
1453	0
0	0
0	0
216	2047
0	379
13	366
0	359
2	357
0	377
0	0
0	340
0	332
0	510
0	0
0	0
235	1
7	1745
12	1637
1	143
2099	18176
0	0
92	1177
14	4572
0	0
21	2339
1	533
26	2881
125	287
4	287
4870	0
0	5
377	0
0	525
36101	0
1	0
14	401
0	1443
9	1266
36	1409
0	12
0	13
0	0
0	0
181	0
4	347
8	340
0	349
0	344
1	256
5	260
0	0
0	0
0	0
0	0
0	0
1286	0
299	0
342	2
22	395
0	0
0	0
3000	0
134	35
177	1588
12	1588
61	180
7501	0
0	433
85	413
72	429
45	3157
81	299
4	306
8	312
10	285
1	285
15	691
0	30
8	72
5	213
1	201
3	296
3	154
2222	0
0	0
381	0
5	0
17	394
0	0
145	3533
0	8
69	3351
11	3114
1	0
0	0
0	0
6996	0
100	737
0	737
0	0
0	0
116	2725
2481	0
0	1292
3	1279
0	1325
7	1298
3	1279
0	1341
0	1284
2	2590
0	1317
0	1333
22	1262
2458	7607
27	2515
0	389
49	4088
0	2740
602	2316
5	82
3	2603
16	2494
11	2348
0	0
0	0
4	2037
0	0
518	2026
52	1879
2	1879
0	4750
603	2035
7	1795
0	115
4	110
9	118
3	121
0	112
15	110
287	1206
3	115
8	48
13678	0
27	1206
212	0
6	346
0	344
7	259
113	289
54	5083
9	183
0	1
0	1
0	1
25	183
53	1035
5	1035
156	3271
6	129
4157	0
211	4299
248	7299
76	1191
83	1191
18	1207
130	10941
0	0
0	0
0	974
99	2505
76	2577
5	642
2318	56
0	1
0	1
0	1
109	943
0	1
0	1
0	1
16	2510
6	531
0	0
0	116
0	115
0	116
2	116
0	109
0	105
0	139
0	446
57058	6759
54	2745
126	1427
235	2869
83	2869
1	531
2	463
1	412
0	4163
12	3852
21	256
0	1061
5	991
1	962
0	1075
12	955
38	613
918	0
1	317
12	106
0	15
0	15
0	7
0	7
0	43
2	43
1	43
150	1050
18	1050
0	0
62	6633
480	637
10	800
16	2191
0	1414
3	1289
84	1481
48	1481
13	1417
5	1415
8892	0
0	1113
0	1078
0	1124
0	1055
5	1105
3	1077
10	1063
0	1089
4	235
457	0
940	0
11	21
0	32
0	24
0	24
6	481
0	1905
0	4471
16	3998
28	4022
0	0
23	0
3	0
578	0
19	0
1278	0
0	0
0	0
0	0
886	9
0	0
0	0
4380	0
0	0
2595	0
0	0
610	2890
73	2886
13	2890
5	2886
5	610
6	610
1	617
29	609
3	617
0	0
6	801
7	710
0	80
0	43
2930	0
23	1597
280	0
27	627
9	169
52	306
3	0
7	0
45	298
1	298
27	1356
2	1266
6	1233
9	1241
1	1150
0	0
18	2328
99	2374
0	7388
3	7236
0	7910
0	7404
3	7241
0	6876
0	6892
0	6441
0	7613
0	7101
0	7973
0	7404
0	6953
0	7610
63	739
2	474
139	9470
2	8634
34	1885
3	1622
12	1771
0	0
312	4865
32	4820
0	511
0	664
0	691
0	637
5	608
452	0
72	3513
9	2943
5065	0
30	453
1	453
1373	23116
66	3372
1293	3367
12	3451
75	0
1121	0
357	0
244	0
788	0
4217	0
35	5
688	1240
1962	0
4	4403
3086	0
2000	0
2321	0
0	0
7170	0
1610	0
10291	0
2451	1492
101	1492
4001	0
0	10
1363	170
1	64
501	0
1	58
16	1066
0	1052
0	0
0	0
24	0
78	5118
18	4881
0	0
692	6543
0	671
37	688
16	685
22	681
0	0
2120	0
82	1101
33	1101
2	3024
1	2942
98	1086
36	1086
99	3739
0	0
0	0
1689	0
1487	0
730	19
1232	0
506	0
598	0
1464	0
0	1801
0	0
3589	0
0	314
739	166
2	129
0	129
23	78
0	0
1606	2463
39	2823
10	1204
3535	0
218	51
0	0
0	3696
180	0
0	7848
38	7236
5	7793
27	7312
0	1555
0	1438
0	1490
0	1606
0	1489
9	1382
7632	0
552	0
3270	0
2633	0
23	1111
2927	76
295	0
4338	0
52	1882
7	67
1	67
3	0
0	1
0	0
0	0
0	4088
0	4461
0	2
0	2
0	2
0	0
387	0
5	0
827	0
0	14
0	0
3	2523
5	298
14	289
9	281
6	128
2	5
10	2103
4	2103
1	2103
48	7442
143	7442
2	0
0	134
5	6
114	2062
58	2062
1	0
0	0
4669	172
0	332
8	273
344	735
7	1492
0	545
23	471
165	537
0	0
14233	0
0	343
2	252
75	172
20	3607
63	4761
0	6452
1	6132
135	6457
930	0
0	47
338	2052
0	14
3	14
0	0
0	169
0	86
0	0
490	40
0	0
0	0
0	3
0	3
0	4067
12	4014
8	4016
152	3924
965	0
92	2169
0	0
2	0
1	744
35	1356
2	1353
37	1312
26	1313
57	199
0	215
10	252
5	238
0	212
1	8
1	6
0	4
0	0
32	3502
7819	0
0	0
1266	0
85	2267
7	2267
170	2076
67	2075
126	648
45	622
21	622
49	10936
43	10929
388	3230
0	270
5	270
28	1125
14	1210
11	1270
0	695
1	370
0	370
1	0
255	3828
33	573
4	573
5017	0
8	0
0	0
0	0
0	0
0	0
0	0
2	6
159	0
2454	0
836	5249
58	5249
0	0
0	31
212	0
134	0
0	0
9	1296
1	1296
4	1296
1	1300
11900	0
1	1025
5	1025
1	802
0	95
4	54
38	104
0	95
1	318
2	421
46	425
18	424
41	6642
1	6507
2	6578
3169	1
0	711
11	0
15	11624
7	206
10	181
4	279
2634	0
116	1537
3	1537
56	2648
23	2425
39	2424
14	664
522	16698
3	664
0	0
38	0
0	0
0	0
0	0
0	1842
38	557
4	610
21	624
0	0
8	605
0	55
10	48
1	724
30	613
11	724
5	1054
3892	0
19	119
0	0
0	0
49	1468
11	1502
5	1468
28	6
1	0
0	0
0	0
7	166
425	0
0	0
0	7712
5	7703
9	7703
1	7116
0	7516
1	167
0	7278
0	6682
1	167
5	0
7	442
5	442
58	440
0	6
0	0
0	3
8	589
0	0
0	0
4	290
0	0
2	343
0	336
1	858
4	871
0	1592
0	1592
11	2751
0	1418
0	0
0	0
0	0
0	50
0	42
0	25
5	0
0	1484
32	1476
41	1438
16	1392
7	1365
3	1230
88	7977
0	0
0	0
0	0
0	0
0	0
317	2196
10	2196
0	0
12	0
0	0
0	229
0	231
1	224
0	220
0	143
13	1453
3	1498
26	1436
0	1451
0	0
0	2
14	696
3	455
17	331
342	0
326	1463
29	1463
51	1463
2	1
232	604
6	83
0	604
7	0
14	1
0	0
4	17
0	17
0	15
0	15
0	5
0	5
0	2
1	2
3022	0
2609	0
0	210
0	212
2	212
0	201
210	2221
399	0
0	0
0	0
0	1
20	2525
714	0
874	0
114	1609
0	0
0	0
0	0
62	1154
143	1689
10	1689
473	0
30	4044
44	896
137	866
16	866
5179	0
0	1
0	1
0	0
31	888
1	6
1	320
0	830
0	0
48	0
207	1904
9	1904
42	676
1437	0
0	0
10	388
26	383
4	386
102	824
652	1088
769	0
1530	0
5	535
14	761
28	3280
402	3258
5332	0
0	0
0	0
0	0
0	1571
0	1
0	1
3110	0
0	993
0	0
156	734
0	0
0	0
0	0
0	0
0	0
2588	0
736	623
0	453
6	552
5	1222
511	1184
1003	40
2275	0
0	0
567	0
278	3282
105	3282
19	3284
9	3284
4	3282
22	8557
0	0
20	593
42	840
12	840
0	0
1	946
26	739
33	788
8	1410
22	387
191	387
7250	0
1	0
0	0
0	0
1	1123
145	0
21	0
0	898
4	841
1	729
2	27
0	970
4	18
0	571
28	510
0	1650
8	1650
0	880
17	613
6765	17273
156	974
10	974
0	808
0	805
18	570
7	801
2	780
50	582
0	775
10	1058
4	547
2	410
9	391
0	1058
22	2956
26	2892
3	3073
1	2985
2	2874
32	1309
18	1254
8	1169
1494	0
1925	0
0	0
228	0
0	0
38	979
11	743
0	0
2828	0
15	735
1677	0
9	456
59	1213
51	1502
6	1502
40	0
0	0
15	0
4	363
510	784
1	782
116	736
10	736
3	191
0	0
1270	624
97	1389
0	1017
196	1323
0	0
0	0
6524	0
6	15
2534	48
0	0
0	41
0	42
0	39
0	39
0	39
0	39
7008	0
4	65
1	65
1	38
1901	0
0	0
0	0
8	1315
3465	0
0	0
0	0
57	1786
298	2786
0	0
0	245
7	207
11	243
114	4802
607	4802
0	1011
1	973
12	768
12	2050
13	1853
6	1962
5351	0
10	0
16	3069
4	371
0	0
4202	0
14	0
0	0
161	5596
421	5596
0	0
0	796
3357	0
35	706
44	4979
495	11
9824	40
2070	0
0	1635
4267	0
6	0
6066	0
4966	0
30	619
56	1215
13	582
0	1
0	1
0	1
0	1
0	1
1	381
1077	0
0	1690
20	1645
2	1646
15	1629
0	0
0	0
0	331
0	0
1	0
1	0
1	468
0	0
0	534
1	202
2348	0
0	805
0	802
0	733
11	640
0	412
4	374
0	361
0	0
4664	0
754	0
0	809
3	72
3	72
0	0
1628	0
0	0
0	0
1349	6
1703	0
0	0
2305	0
0	7
262	0
460	0
0	0
0	7
2704	0
7	1721
14872	1
6	1312
2	909
6	942
8	930
9	734
104	8299
1956	8299
0	6900
153	4302
5211	0
11	2201
36	1970
1931	0
0	6084
10871	5104
1072	4083
3	4396
59	4766
0	4858
50	4377
1	5
1405	0
1	5
38	296
15	291
6	290
5017	0
238	3580
42	3554
81	3577
0	0
70	4176
23	3905
59	0
0	5
571	0
2	2168
0	2168
0	0
157	1319
140	1676
573	32
15	1676
38	912
4	1
0	0
575	0
19742	0
0	0
2869	0
0	2458
8	0
12	133
573	0
266	0
43	952
173	0
0	1194
17	1120
9	1142
58	952
11	1107
19	1109
29	1009
69	569
1	569
5	569
8	1
0	0
211	0
0	0
18	329
227	441
451	583
0	583
1	329
136	367
0	1133
1754	0
322	9233
16	9046
206	3103
76	3103
13	941
0	14
0	0
0	0
0	0
0	0
0	0
11	0
82	877
438	804
0	0
0	0
0	0
0	0
0	823
1	818
0	810
0	861
0	0
1025	951
2072	0
6	581
0	573
0	893
14	858
5	856
3	487
939	0
3	763
2	780
20	0
0	0
263	0
0	0
18	3389
16	354
0	387
0	10
0	10
2864	0
183	1942
151	1942
0	0
15	1570
4	1634
0	207
3	195
36	9215
31	9077
3027	1
106	1068
105	292
5	2103
119	2092
104	2103
29	5522
13	5525
763	0
96	2085
0	0
4052	0
342	87
935	0
3	2244
2661	16
722	0
7216	822
2186	0
6	157
133	159
3295	0
11	83
0	83
0	83
4662	0
15481	7
7	652
2	698
11	690
45	716
1	653
9	628
0	628
0	591
13	290
10	290
0	0
0	0
77	1482
1787	0
46	1497
0	2448
0	0
726	0
204	0
357	436
1560	0
102	0
941	0
0	1014
2	1008
14	506
4577	0
111	3054
13	3054
75	181
22	0
514	8401
90	14
1111	0
0	0
0	0
0	6
0	6
0	5
928	4076
1872	0
9972	3
43	4713
39	3083
0	3656
30	3544
53	73
0	19
0	17
69	906
50	830
0	0
0	0
0	3476
59	3377
191	3423
23	1398
3	1473
1797	0
9	1346
0	2408
0	2427
0	2263
0	349
8	324
4	264
0	0
0	2262
0	2
0	0
2743	6
4	0
36	5479
4	1435
7	99
15	139
0	0
14	1191
0	1274
0	1291
57	1266
0	1311
68	1235
0	1332
0	1
0	0
18339	1
5	333
5	324
146	778
59	771
64	772
0	0
0	2618
1	2520
199	2602
33	2104
43	2104
8	114
51	75
0	142
0	5
0	5
26	1169
23	277
1	1
17	774
7215	0
24	8213
0	3472
2	3256
33	3235
164	3455
1	3457
1	5
2	766
9	0
0	0
2002	0
0	0
329	0
1179	157
190	932
78	2015
60	2015
0	0
239	153
41	1699
6	1676
9	1674
3	20
1	20
0	20
0	8824
2	8887
51	415
0	1579
1	415
5121	0
48	1428
1	1404
10	1391
0	4409
0	941
4	0
20	730
15	737
28	693
2529	0
6	809
0	1
0	0
0	0
11	691
8	692
1	689
0	677
0	680
0	677
100	6332
2	680
0	677
15	675
0	0
0	0
0	0
0	0
0	0
21	2532
0	1348
37	1286
350	0
12120	0
2	118
13	92
0	117
0	424
0	413
0	418
0	67
0	71
16	711
1134	0
160	1502
15	1502
3	1908
51	711
6	1895
2397	0
0	1247
0	1189
0	1327
2504	0
2105	0
0	0
5	2102
0	1763
16	1745
8	1743
82	1725
3	0
17	6765
0	48
0	48
0	48
0	48
0	48
0	48
0	0
1573	0
2807	0
1578	10
54	2824
0	0
17	4020
8	3430
8646	0
11	3310
0	0
13	181
0	0
145	45
0	284
524	1334
1204	0
2	266
0	0
2	0
2	235
37	2481
0	2531
14	1846
0	97
0	187
18	639
19	634
8	597
255	0
218	7883
16	6153
0	390
1	363
1	867
38	1115
17	1116
0	13
0	13
0	5
0	39
2	35
1375	0
7101	0
0	1283
26	1223
21	6650
24	6651
5	6631
50	6322
140	6370
826	6370
0	3146
56	3046
20	3110
83	1811
0	2
0	2
4863	0
1	0
6	649
25	331
1	1007
0	2542
29	2447
13	2385
5	2388
15	2393
10	2441
3	2117
14	72
15	3976
7	1456
25	4211
56	1567
10	1380
619	0
5072	0
0	0
0	0
0	0
77	1265
2594	0
0	2
2	301
2	600
7	0
0	0
0	0
12073	0
0	1490
14	1382
1	1490
64	1453
141	651
1180	0
0	0
2	4955
6	4961
23	9876
133	1577
11	1227
1	0
1	0
1031	0
0	0
46	1217
1	378
8	345
1211	0
16	1129
2	8
0	11
1007	20305
0	2813
99	2762
236	5
31	2402
73	9736
0	0
0	0
1607	0
0	0
1992	0
201	425
0	0
146	4530
11	4530
228	7906
442	1244
35	1243
6	1197
0	0
111	3054
5878	0
6	474
3	473
0	473
11	518
1	0
22	1120
225	2
0	38
101	892
1	892
1	892
31	721
22	721
89	5
1391	726
0	0
21	363
998	0
15	230
2	213
1	183
125	3665
0	0
202	1056
12	1546
0	0
0	3359
8	3284
22	40
0	40
421	3274
294	11809
1	0
0	0
0	15
7	2046
19	2045
0	0
7	269
1	269
0	269
9	181
212	0
22	2
1	0
146	0
240	704
604	0
2535	0
0	0
0	239
5	219
3	188
50	227
26	513
3	498
0	498
6	481
8757	0
400	0
284	0
0	155
0	92
32	111
0	0
0	0
72	1
0	0
2	0
241	0
0	0
0	0
1773	0
22	0
6	0
595	0
2106	0
139	0
3	460
20	420
0	0
0	1
0	5
4161	0
1108	0
3	202
0	202
0	202
0	202
40	0
0	0
16	1089
4	1089
0	0
0	0
0	0
0	446
4	422
1	460
1	1772
3	355
3	355
177	4336
0	35
0	35
1	30
2	30
4	30
0	30
2945	0
5848	0
0	0
2649	0
55	1096
12	1096
0	0
0	0
50	6445
17	225
0	225
6	101
0	125
0	116
2	113
3	122
3	373
2	373
0	351
7188	0
1857	0
1726	0
0	0
0	348
1	348
3	348
2	343
463	0
0	5
0	5
775	1481
11	1023
10	896
6	873
5	955
54	982
0	0
186	0
1168	0
29	996
0	0
271	0
467	5
0	0
0	0
0	3
0	3
4482	1
2384	0
1	2792
7	2792
0	2135
0	2121
0	2121
0	2082
0	2086
5	483
0	2
0	2
0	2
4502	0
20	659
8	604
0	2
16927	0
13	1815
11	455
152	455
0	2137
35	1260
1915	3276
28	2373
3	177
1	177
1	177
98	602
25	582
0	0
146	1
7797	0
0	0
576	0
2	0
0	0
0	0
0	0
0	604
9	556
3707	0
2	0
6798	0
1339	0
98	982
27	982
15	980
12	967
746	27233
376	26502
4736	0
16	696
0	2227
0	1242
0	1193
4	941
0	0
4	2109
575	0
1	2108
0	0
0	0
0	1673
0	0
0	506
0	2
37	501
0	722
0	719
0	734
39	474
1	506
0	1
7730	0
13	127
0	0
0	0
0	0
42	1468
0	0
1	0
104	1150
125	1146
9	1203
0	58
1	15
0	12
0	13
7	875
5882	0
27655	0
0	1500
0	1457
0	39
0	0
0	3499
10	3337
45079	0
0	0
7488	0
4469	0
1	338
0	0
2	0
9	1347
0	0
1292	0
0	0
0	0
0	0
42	1182
23	491
0	477
536	0
0	0
33	21
108	0
18	6575
151	6575
4	1813
2	736
0	736
7	736
4	502
6668	0
114	2844
62	2844
2326	3
0	22
0	22
0	22
0	22
0	22
0	1418
1130	0
604	69
90	0
3	0
3	809
0	809
7	0
0	249
0	248
1	236
21	229
1	231
5	210
237	3550
8	3550
0	200
0	200
0	200
0	0
0	0
1102	0
0	0
0	0
5	0
113	4555
0	0
0	0
0	0
278	0
0	6976
6627	0
17	1699
1731	0
145	0
6	0
0	0
3	327
1	0
157	0
44	0
7	630
719	0
1307	0
0	0
0	0
585	0
0	0
5	113
1	111
0	121
3	120
0	119
4	115
0	0
0	109
0	108
7	106
6	106
12	72
11	358
125	227
21	227
14	227
7	165
0	0
0	14
2340	1
0	0
31	59
1188	1635
14	1645
328	3320
3	3320
14	4562
1	41
15472	0
394	950
122	950
0	858
33	936
3	513
17	936
2	2687
7	1408
3360	0
0	0
5750	0
4510	0
2509	0
691	0
7001	0
1825	0
13	238
0	0
13	244
993	0
144	0
0	235
0	0
171	0
9862	2
0	2
5259	0
1525	0
780	0
15	4
1	0
2440	0
2	0
8	611
0	2171
945	440
0	0
0	0
931	0
0	0
0	5
5934	0
0	0
0	0
0	0
1321	0
0	0
0	0
5847	0
0	6326
0	5765
1	6060
177	6535
48	6313
57	0
0	1
0	1
0	0
798	7146
169	7146
0	0
0	43
36	2129
15	27
0	5991
60	4908
4	2125
0	0
0	0
0	0
7	2124
0	0
847	7384
85	7379
7	958
9	2835
0	2661
0	2836
1	13
21	2213
16	1
0	0
4667	0
10	2512
0	0
9	2512
0	671
7	259
2	215
79	830
0	713
2	712
14	312
0	60
0	87
37	2911
296	4828
2	1157
25	2005
295	2005
10370	0
57	1157
22	1206
88	1158
350	0
5	0
834	686
1	2088
4	2086
10494	0
0	13087
23	2371
6	9
0	11021
0	0
0	0
0	0
4	63
22	0
5773	0
284	293
92	1362
1	294
10	285
76	2832
0	39
0	39
3	285
2	27
0	425
0	0
0	2106
7	0
1585	4
1	68
1	0
1	0
0	0
0	0
72	2082
4	2084
24	2073
21501	0
0	0
0	37
0	0
0	588
0	0
457	0
460	0
0	0
73	0
0	2
0	2
0	2
3204	6208
0	0
9428	5
870	0
710	0
0	0
0	0
11342	0
57	10
0	0
1855	0
7	23
636	0
6	768
1	862
0	810
8	229
3	233
1	241
4	11603
1746	0
5755	0
0	0
2	52
161	0
1732	0
9	10877
34	10533
1273	3883
623	5047
25	5047
0	121
8	2929
1915	0
4	2638
4	1735
19	1548
10	1549
57	1315
1	1061
45	1585
3	677
2	652
0	7624
69	5816
0	4
0	1027
0	1952
5	1932
20	1325
25	1286
15	1286
0	1880
0	4221
4072	0
118	1877
0	121
1	62
5	65
3	124
1683	0
3964	0
1	3914
101	1878
48	2836
312	4680
0	1
23	55
4	55
1513	4
42	2431
11056	0
1	2
157	617
528	0
1999	0
0	2935
0	4722
1	4235
79	451
0	438
38	432
1	36
0	0
1459	0
0	0
16	1180
0	0
0	4359
33	4349
12	2666
13	3735
5	1180
0	2109
0	156
33	467
3	724
64	0
0	1700
0	1671
0	1669
0	1652
0	1140
18	1061
0	1093
0	183
1	183
3	183
4	161
486	0
882	0
0	548
3	542
63	520
69	534
8	534
0	0
345	16
102	619
1769	0
3215	0
129	1570
2620	11
0	0
0	0
0	0
0	0
0	0
5950	0
0	112
10	105
0	0
1787	0
0	5
2	67
0	42
0	41
3	214
7	214
0	159
0	159
1	151
2391	0
0	0
43	4582
5750	849
269	961
23	259
0	548
4	506
1	521
7915	0
1	707
9	640
6	189
1	189
3	349
0	0
0	0
1	0
4	365
1	396
13	362
0	360
3	6
0	6
0	6
167	9409
27	9211
29	9178
31	4913
1	4622
44	4956
21	4665
45	4335
0	0
9	637
3	12
0	12
5	498
9	495
55	0
0	0
0	2780
1	2115
21	5039
3	0
27721	0
0	629
619	1
459	8
0	0
0	0
21	879
185	2785
34	2785
0	0
0	36
2	36
0	6
4	1186
10	4549
504	0
0	0
0	0
59	165
38	321
4	2974
16	955
947	6722
1061	0
119	1137
0	0
3	0
205	1805
19	1805
14309	0
262	0
191	2
41	0
889	5
551	0
3	1
2225	308
775	0
0	355
2	339
2	295
4	0
1	179
2	185
2	100
0	100
0	106
2002	0
4	249
3	0
0	0
0	0
0	0
0	0
11	63
16	1616
0	0
0	0
0	2361
141	2362
0	0
0	0
18	0
17	4417
1325	0
0	0
1	0
58	1493
19	676
10	672
14	639
3	3101
0	11718
0	11794
0	10092
0	10212
0	11611
0	10416
24	11550
1	11622
0	10492
4	11674
2	11622
0	10794
28	9629
0	10914
62	10022
15	9473
0	11491
57	9480
25	9498
933	0
141	0
1392	0
1	0
0	99
1	92
0	66
0	0
0	210
0	195
3	215
0	210
0	186
0	212
7	612
0	186
4	160
0	160
0	587
0	0
3	2461
0	2353
0	2332
1	491
246	9
0	0
28	257
524	0
4378	0
0	176
0	23
766	0
0	579
0	0
0	1255
12	1071
3	1037
6	1130
20	1124
4983	0
0	2
0	0
2	1660
26	610
16	2368
6	2365
5	0
0	0
0	0
0	0
0	0
0	0
6552	5
0	0
2	5226
76	3991
65	3927
0	3772
0	0
0	0
0	0
230	0
0	0
2634	0
53	548
13	599
13	1464
16	1520
13	1447
22	1447
3	8329
577	7752
0	9
0	11
0	9
1	2527
1	2519
5	2488
0	0
2263	317
72	6492
16	27
0	0
367	2370
8	4375
11	4375
92	4377
2	1137
1	1137
30	1064
12	173
0	175
6	173
1	175
1	173
1	173
0	175
49	0
139	0
0	0
3	48
0	0
12	0
3	155
1556	0
267	1375
925	7429
1861	3
0	0
401	3230
1977	0
13	128
0	0
1	505
0	508
0	297
0	0
23	10022
13	111
63	1086
6	2103
22	2103
212	2096
76	2096
0	0
0	0
0	0
18639	0
0	0
0	0
9128	0
0	0
167	2329
0	0
52	2329
0	0
309	1045
0	0
5	875
1	0
9	797
12	797
144	2393
78	2456
133	2456
0	1041
34	940
0	1284
77	2646
7	96
27	1318
1	1348
0	1302
53	2496
38	1197
96	2438
22	1961
56	2045
1138	0
1	219
4	191
17	200
11	200
2	198
0	7167
33	7164
19	7164
32	7164
21	7164
31	7164
16	3154
0	5363
170	5215
200	5067
69	3412
0	321
4	274
3971	0
0	0
752	87
1460	0
0	0
4660	0
75	145
31	9107
958	9107
16517	43936
4019	0
721	0
121	3335
11	3335
100	0
0	1763
9	1560
18	1573
0	0
1619	0
3	147
0	0
0	0
8	2152
102	2152
114	602
17	602
754	1594
1	1588
2	1588
14	1458
0	1477
1	1565
0	1565
0	1370
0	1253
0	1539
1	3
0	78
3	56
1582	4
97	1
2	1
23	110
16	110
0	725
0	713
8	702
0	702
120	12
440	219
0	0
3	0
0	0
0	1179
0	3165
6	1254
0	0
2569	0
4	0
3051	0
771	446
144	2502
2	232
1	231
13	2939
38	3138
0	0
0	4
1	3
1	3
55	10059
76	9672
43	1513
15	1516
59757	3779
0	12
3	28
10	1974
5308	1287
2	0
1253	0
2	1117
8	797
0	0
4126	0
761	0
30	0
229	34
0	92
11	3016
1481	146
212	0
504	0
0	0
417	0
0	3
0	3
0	3
0	3
0	3
3873	0
0	0
38	3422
2	3436
26285	0
3	2329
2	2111
1	2265
1	0
160	2225
5	418
0	0
0	0
0	0
0	0
0	0
0	0
6	537
0	537
3	531
3293	0
488	0
1860	0
0	0
0	131
0	0
0	1
4	3442
6	586
2	168
0	1043
10	934
2	1038
2	1017
0	1012
457	993
0	3870
0	0
0	0
0	0
0	300
0	299
0	0
1274	3
28	635
601	0
1431	0
0	0
0	0
8982	0
0	0
1173	0
19	2171
0	0
1520	0
0	0
0	0
0	0
0	0
1	257
1	257
0	250
0	0
1	2200
9	2109
14	739
15	1186
32	790
11	480
15	433
0	0
74	1193
967	0
1	783
9	782
21	762
0	765
2	587
2	991
140	1527
14	1526
3	865
2	0
0	0
9275	0
2974	0
0	0
9895	1
98	3892
234	327
2	345
1289	0
2401	0
3847	0
3	0
25	196
7	947
783	802
14	802
1631	0
8	2997
54	2997
15	190
1197	32190
5	2492
7	1988
15	1986
0	0
92	1347
0	0
0	0
1	0
5211	0
320	1726
0	0
0	0
0	1
7	2163
0	1
0	1
199	0
0	259
2	2133
4	172
17	180
13920	0
440	0
862	459
6	334
48	0
153	0
241	0
0	0
0	0
2961	0
0	4
0	4
0	115
174	4142
1	2242
240	1243
0	0
0	0
0	683
5	660
3	681
1	670
0	668
15	668
1	0
24	4908
4	4963
0	472
4	362
6	345
21	364
0	0
6	953
2	940
0	247
24	918
275	27
0	0
0	2
0	551
13	522
8	506
2	375
5	543
7	316
540	0
6509	0
2	105
2062	6
50	2202
374	688
181	689
0	8578
0	8902
0	7647
0	7426
0	7750
0	7725
2167	6595
464	5330
58	5152
91	154
156	5127
0	0
0	0
574	339
387	10355
1	10356
2	10345
61	10340
616	1
11	339
0	0
13	51
62	0
1	1473
66	199
1	1468
0	1456
7	1460
0	0
0	186
67	1358
778	1358
2	183
1149	0
22	200
371	7400
284	7180
977	0
18	765
48	838
0	187
0	0
0	4849
75	4344
36	4266
68	4587
0	1518
10	1520
0	1480
0	1553
0	1504
32	2048
0	2302
179	2266
61	3345
0	0
19	5924
33	2359
0	1845
710	0
5	327
0	3663
0	2747
92	2399
171	2770
6	2396
7	2104
0	3663
5	0
0	0
0	1137
48	1133
7	1133
7	1133
21	4416
16	4410
29	4387
57	2752
0	2198
0	2098
0	2090
0	66
0	27
0	27
2	28
17	27
1	1468
83	1542
38	1562
16	1488
9	1017
9	592
1	0
338	0
3681	94
28	141
11	35
2	35
7	636
89	634
3	41
12	636
1	0
1	11
1	0
0	0
138	2173
9	2173
0	0
2	2401
6801	0
0	0
0	0
0	0
0	0
0	0
0	0
0	0
0	0
0	0
0	0
0	0
0	0
2267	0
0	0
0	0
0	0
0	0
0	0
0	0
0	0
0	0
0	0
0	0
0	0
24	13562
14	13534
138	13768
35	13738
4	13351
0	0
0	0
3976	0
20	635
2	623
1	606
8	97
0	395
4	394
0	394
0	385
16	451
2	425
2	428
2	426
0	357
0	394
0	382
25	902
4	884
1	884
8	835
21	907
5600	0
0	0
7237	0
3447	0
62	0
354	0
708	0
0	0
0	0
0	0
0	174
7	171
6	153
0	167
23	232
5	972
23	929
644	846
970	0
1743	1
0	0
1601	0
0	146
6	142
3	136
1	95
1293	0
1994	0
0	0
1437	0
0	1285
0	54
60	0
8	1667
1	1236
4	632
0	344
49	626
6	1197
1717	0
32	1175
465	681
0	5
1	5
0	0
33	28
24	0
2039	0
0	1713
9	1661
724	12276
353	5838
1093	0
95	1965
6	1965
0	4701
12	4175
120	807
0	2916
35	2932
11	2915
2850	0
14	8125
0	0
554	6360
154	6358
116	2588
4	2579
6	2587
0	2579
3	2587
0	2587
0	52
3639	0
0	2314
4	2290
0	2301
0	2290
0	0
3	2287
0	2290
43	2258
2	2289
0	2258
35	2246
8	2245
0	2245
21	2110
385	496
296	496
2790	0
0	0
0	0
0	0
6794	1
829	0
6	1122
1479	0
0	0
16870	11953
24	2032
34	2032
662	0
18	1286
17	520
3542	0
328	0
396	6244
766	0
0	0
217	0
3800	0
3284	0
2212	0
213	2904
0	2911
0	2888
0	2894
0	2097
0	2065
0	2094
0	2104
0	75
18	0
503	5
958	0
0	0
945	0
371	0
1	0
3053	0
0	0
0	0
0	0
0	0
0	0
0	0
0	0
0	0
0	0
0	0
0	0
62	40
0	0
0	0
0	29
0	0
5	101
0	0
58	685
75	0
174	0
0	2
0	1
2	1
1	0
2337	0
304	0
0	0
34	0
0	0
0	0
223	0
584	0
0	0
265	0
446	0
910	0
280	0
30	0
1493	0
5	0
2539	0
316	0
7	154
19	759
674	3629
426	0
0	651
19	621
0	590
2	517
0	4
4017	0
1	311
23	286
4	275
6399	0
12	0
690	1552
7905	1552
0	72
2	172
0	58
0	167
6006	0
1125	0
0	147
0	141
0	140
0	133
11	118
3	99
10034	1
8	1421
11	1155
8	116
105	344
2	208
10496	4
6	1479
6	116
0	0
8047	0
4825	0
0	0
0	264
21	406
10	2459
169	309
348	360
1	1
782	0
431	0
29	0
788	0
0	743
2	0
0	0
0	0
0	0
33	1
0	0
0	0
0	0
392	0
116	0
1773	0
865	0
134	0
1814	0
0	0
325	397
0	994
0	264
0	2
0	0
0	6
3	0
0	0
0	0
0	0
0	0
0	491
0	250
2	283
1	250
0	283
0	227
1	0
263	1934
21	451
1	451
4	452
0	449
4	450
0	0
0	0
0	0
0	0
1868	0
17	874
24	264
0	0
0	0
1392	440
113	0
6057	0
238	4874
79	4874
267	4674
19	4672
7	4652
1	4774
2	4767
0	4774
467	4767
6	4767
6918	0
0	0
0	0
0	0
8	2622
0	0
54	2626
0	111
2672	0
15	2554
22	152
45	0
16	2058
5	2056
269	2058
32	668
3	668
5	3346
0	0
18	404
0	403
697	613
0	0
586	20
832	1886
1	1886
92	1886
137	4233
40	4099
25	4216
77	4
2287	15169
0	3229
10	3145
0	0
0	2986
0	3387
0	3141
0	1957
9	226
8	1200
64	1238
87	0
0	0
0	0
0	0
64	1867
3836	830
0	0
0	0
0	0
0	0
1967	0
2	90
1	90
3	93
5	94
1	0
14	607
0	607
0	1364
30	774
16	765
0	759
13	49
0	0
0	0
0	0
0	0
0	0
1813	14096
26	1679
17	1651
20	5
5	660
102	1176
19	1141
0	3401
52	3281
0	3382
7	3243
6	3524
5	660
2	3417
8	3522
4	3456
0	3248
7	3376
0	2867
25	401
23	410
0	6571
0	7058
0	0
0	7329
43	21
0	0
126	2
0	0
750	612
0	0
74	5
0	0
0	26
11	5276
8	1723
0	0
0	0
0	63
0	63
0	63
45	1813
3	0
325	0
123	1606
0	0
0	0
5	143
0	0
0	0
26	4871
2	1582
1	364
0	923
47	866
7	759
7	781
12	1484
699	0
12	1436
7	0
2	1400
0	0
0	0
27	0
19	1059
7	1058
3	0
6	4883
8	4883
17	4883
19	4556
1	4455
321	4276
299	3448
3	279
0	271
0	0
5968	0
10	3261
49	471
144	72
2	3261
136	2541
50	117
799	0
0	1727
0	2026
0	2313
0	2612
30679	17633
624	1822
5	1068
12	1068
54	1127
0	0
1092	0
1194	0
0	3285
0	3397
1	3150
79	7092
67	5972
0	3489
0	739
919	0
8	427
5	395
0	284
0	2026
58	2025
4	1479
6804	0
94	624
2549	0
11	737
39	43
29	10
1474	0
8276	0
35	0
0	0
0	0
310	10623
1952	0
0	0
0	0
0	1
2	7
2175	0
1	0
0	0
0	0
48	0
1254	0
15	382
62	256
3	382
0	0
0	0
11	344
2	0
0	4
0	4
0	4
65	871
1	1089
33	1099
0	1097
2315	0
21	344
355	0
750	608
0	0
74	0
2	257
0	0
0	0
0	2
7	2448
160	2355
199	2437
0	73
27632	0
18	8
1	7
0	0
1	73
0	0
19	406
43	217
20	217
127	0
49	402
6	301
2325	46
2	1611
336	1538
6	488
46	456
5	456
1	491
56	130
116	130
0	0
0	0
35	0
0	0
0	0
0	0
0	0
0	0
0	0
0	0
0	0
0	0
0	0
0	0
4877	0
0	0
0	0
0	0
131	141
8	4424
63	3846
3	4413
14	287
4	241
0	0
59	1349
0	3420
0	3409
0	3449
12	3402
38	6919
5	41
30	1602
26	1602
54	19
0	0
8	384
14	41
1	384
0	555
5	329
0	5427
145	1198
49	1198
7	1128
681	0
0	1827
9	1826
3	2322
44	2283
42	2186
11	2257
12	2197
1	2165
28	2457
3	2303
18	53
1405	0
4	309
11	253
0	53
2	252
1	1595
0	1560
0	1571
29	1591
0	0
395	10923
5391	0
1	1418
0	628
2	0
23	939
6	548
3	269
6	266
1	249
8	246
7	244
3	244
4	244
0	564
48	243
603	243
5137	7
31	80
0	80
121	328
23	328
0	328
0	0
0	0
215	0
3504	0
1089	0
5	117
0	103
5	94
2	90
18	111
2	93
0	92
2304	7
0	0
1	1418
49	6798
9	6316
2	3046
11	430
3	412
0	403
53	788
2	2199
1	248
1	248
0	248
6	252
127	796
2	1721
954	6
19	0
0	3
34	5318
0	5895
29	5225
448	5194
7	4483
9	2696
3	7
0	17
4	101
0	16
0	419
1	430
0	439
12	414
0	413
0	405
9	1939
119	5393
82	5393
0	0
27	1990
13	926
1933	14253
0	2323
102	2287
2	2154
1	2154
21	4366
8	130
10	19
3	130
4	3830
114	3830
51	959
3	918
146	0
0	2213
0	2178
0	2333
12	1916
2	1929
135	2384
2901	9629
3	9629
502	1833
1	157
1	189
9	5779
355	5779
153	5978
263	5779
288	2515
23	2515
69	2552
1936	26504
18751	0
55	473
4	473
4	467
11404	0
4	125
52	11781
17	11775
13	11773
35	1700
34	898
6	893
0	875
17	873
4	866
8	826
2	640
28	511
7	577
70	572
46	1378
12	2451
47	1880
32	767
3717	0
4	0
32	404
0	0
0	0
0	0
10026	0
1795	0
849	0
230	2671
759	498
341	665
76	635
0	0
128	2671
82	4391
4	3909
7	4014
0	1060
27	1053
30	1048
9	995
1	40
2	909
30	831
0	0
0	0
16	1373
5326	0
0	0
0	0
1217	0
2	101
9	685
2500	1
0	44
0	44
0	44
0	44
0	44
2799	0
9	1895
0	1718
0	966
1	830
2	712
2	568
4624	6
19	2872
1764	0
11002	0
10	0
512	16025
2285	16016
0	4211
9	928
9119	0
0	0
14	1002
49	1002
2944	0
17260	0
0	5731
14	5723
27	720
0	0
3368	0
25	712
0	712
0	666
8	98
1	85
1	95
0	576
9	6179
0	86
2303	0
3390	0
745	2152
18	2152
3	0
4141	0
3319	0
49	858
0	0
4	0
1236	0
135	0
0	0
2605	0
54	2249
2338	9
0	0
33	155
2	155
0	738
4	689
15	665
0	3622
0	3846
0	3470
0	3694
0	3503
25	2037
68	1303
111	1303
1	1299
1	0
146	1255
2	1255
406	527
57	3540
100	554
339	0
26	430
4	374
284	2074
340	764
409	764
118	208
105	22
1656	0
1	0
297	0
644	0
0	0
0	0
2	0
32	0
48	0
4	1
0	0
373	28
0	0
0	1479
0	1479
7	1421
9	1421
1009	0
31	1
1	0
453	4255
2905	0
2	339
11576	0
0	0
3619	0
189	0
0	0
828	0
5	1560
0	320
7	289
499	0
1091	13
315	1
0	200
4	4097
0	196
0	186
1	5
0	180
2	24
3	3965
0	0
389	4422
6410	2
2134	0
947	0
13	3976
1	1716
4	940
64	915
38	942
0	922
3	919
7	3982
3675	0
0	7
0	7
4	3262
0	3816
181	3256
37	3940
1	0
17761	0
1251	0
1639	0
960	0
17	0
5	1308
8	545
111	2076
12	2076
6	2075
8161	0
2	201
75	2521
0	0
3458	0
2692	0
3350	2
0	0
3	771
2	770
0	0
0	0
0	0
767	0
6181	0
1252	0
1536	0
0	6
0	0
0	14
0	0
834	0
2	0
5595	0
0	0
0	0
0	0
0	0
2	68
5159	0
6295	0
0	1
3134	0
4	0
0	0
938	0
78	5
0	0
0	0
3764	0
1042	0
4077	0
1	0
196	733
0	0
1008	0
9	1151
2	1153
2	1153
0	1090
6	1089
16	112
38	110
4	94
18	92
7	361
0	0
23	361
5	324
24	325
180	3239
1776	0
0	0
5297	0
0	0
0	0
67	0
0	1839
1	1836
5	1833
0	1829
0	1890
15	1824
9	1827
22	1822
0	1821
18	1373
0	1780
14	363
20	3934
18	3933
0	235
4	204
0	27
9	3438
5	3464
15	3423
0	3418
3	3411
27	3405
26	3373
21	3419
4	3430
1	3389
0	511
0	504
0	352
0	339
0	447
0	425
0	406
0	255
0	322
2	390
0	396
0	239
0	239
131	0
0	110
1	109
5	259
0	0
2	257
9	3230
59	2360
1952	90
3358	1
1	0
0	1638
0	0
152	0
0	0
86	0
34	0
0	0
0	48
27	24
0	2368
1848	0
58	0
961	0
18	2216
0	0
27	0
260	0
897	0
0	377
21	1197
2	1017
167	6497
0	0
0	1020
38	1130
33	897
104	1018
0	1018
1520	0
22	0
0	0
0	3253
17	1080
12	1096
0	2492
1082	26980
1	2489
2	2471
16	2341
0	0
0	0
0	0
0	0
0	0
0	0
0	0
26	761
0	784
4	761
4	1380
0	0
0	0
0	0
33	0
0	0
43	592
0	0
1	365
506	0
2	517
0	9
0	8
0	9
175	11632
42	11618
7594	0
884	38
1161	0
61	921
28	689
23	691
864	864
204	916
5	5847
2	738
3	912
8	895
6	870
79	768
175	1705
0	1705
0	0
0	0
0	0
42	4
0	0
0	0
1	0
11	9979
0	233
0	236
2	237
2	244
3	236
0	228
0	233
0	0
0	0
2810	0
872	0
0	2024
0	17
0	17
1	7
0	16
195	2034
8	1180
17	1042
6	989
9	120
53	314
69	0
0	0
2	0
479	1293
6	1293
1644	0
0	0
485	0
1	0
0	0
0	5914
149	5866
188	7685
0	0
0	0
0	0
0	0
0	1
0	0
0	0
0	0
0	0
0	64
14	60
576	0
83	129
3207	0
5	2564
0	139
4	142
0	140
0	137
1	134
0	135
674	0
3	4422
22	204
14	374
3208	0
6	674
184	1396
0	1712
201	4457
0	22
0	28
7813	0
1365	0
263	1513
2405	0
194	2778
0	0
1	0
18	0
40	4
36	1128
10	1104
106	1112
5	1089
14	1023
98	2511
7	1446
26	1200
0	0
0	0
0	0
98	1949
24	1938
0	1790
21	1813
6	1791
16	638
13	623
27	516
424	1
4	40
10	55
1371	0
0	0
87	619
2	3
0	3
127	1023
21	1031
13	945
0	1
0	0
0	0
106	4059
2	0
1570	0
23	437
0	593
2	304
26	106
0	12133
0	15229
0	12124
0	12123
0	12123
8	12123
1	12123
0	15220
12	12622
9	990
0	0
0	0
0	0
0	0
0	0
0	0
0	0
0	494
0	488
0	496
0	483
0	0
0	1378
6	1239
1	0
0	139
27	622
9	455
1	0
0	0
0	0
1	494
27	494
2824	0
0	143
579	63
48	324
2	122
8	440
1	221
0	0
0	141
19	0
0	0
0	145
0	0
0	0
5656	3128
108	3118
23	418
0	2
0	2
2	2518
13	2515
9	2500
0	0
0	0
3	26
6998	0
0	0
1062	0
1850	0
22	250
1	180
5	180
2	178
7	177
0	508
0	173
0	173
0	0
0	93
3	0
65	1008
0	0
1	126
1	130
1	121
1811	0
2	37
0	23
3	208
5	206
1328	6752
2428	0
0	337
0	0
45	775
18	775
45	310
0	270
15	677
2	1001
4	260
3	1000
9	1002
35	1001
1	1002
9	1000
5	1006
5	1000
3	1000
1	1006
0	181
0	173
402	2281
0	179
0	171
1	170
16	198
0	479
1	238
6	4889
0	0
0	0
27	0
0	0
0	0
0	0
219	612
0	0
0	0
0	0
0	0
3204	0
824	0
257	0
0	10
0	0
979	0
0	10
73	2583
0	1970
2211	46
0	10
91	828
0	0
58	0
657	199
516	0
0	0
54	3508
0	5
1037	42
833	0
47	2991
30	2835
14	2824
10	3982
12	2825
0	2429
0	2502
3	2419
7	2378
18	2212
6	2319
1	610
0	2425
2	2211
10	2317
15	2189
14	1191
13	3982
3567	1
1	3158
174	3158
7	3158
24	0
0	625
34	723
0	0
0	0
0	0
0	0
0	0
0	0
2633	6163
76	6163
9	4
23	4
5	2915
2868	0
5223	0
12	591
0	591
2	591
0	0
41	891
0	11
687	0
2	0
0	0
2927	0
0	2219
50	1717
1446	0
0	0
1	39
3245	0
17	1918
16	1835
105	0
7	1579
6	1375
1	0
585	4834
0	0
1	0
280	4835
848	0
30	482
240	225
713	0
19	942
4	939
174	849
20	920
7	8
0	8
0	8
0	8
0	0
369	0
9187	0
42	510
10294	2
435	0
105	0
772	0
572	0
0	90
890	0
11	429
603	0
32	357
0	912
5	16819
12	16118
15	17526
19	16591
100	15337
53	15627
114	16119
50	15565
13	14476
139	16766
45	15603
0	760
7	601
21	748
7	748
0	1317
19	1059
41	1050
5	816
15	757
106	1362
14	2004
0	550
43	404
15	2876
1538	0
5	1246
2691	0
3	1891
0	0
13	0
2	482
3	627
15037	6
2260	0
281	245
68	1136
3	1136
6	120
5216	0
0	0
3818	0
321	1732
27	1732
6	1165
133	1165
81	129
31	114
5	213
233	4429
32	3058
3316	0
0	410
0	408
24	592
15025	0
0	0
1	413
65	318
860	0
0	0
2	2839
0	0
0	0
0	0
1208	1125
50	1125
2	4713
5	3735
2651	0
855	45
0	0
0	0
402	2680
172	2403
2	692
5362	3
0	0
19	314
1143	7
0	0
35	657
36	657
0	656
2433	0
0	0
0	0
72	5002
10	1099
0	5169
53	3835
190	0
5155	0
0	0
1433	0
5	0
588	0
0	0
0	0
0	0
0	0
47	940
0	0
0	0
263	5378
18	5378
5	715
2297	177
4	12
18	2093
10	2093
3	2093
0	892
0	10034
1	9040
5	9010
0	10034
8	8489
838	838
5	838
189	1245
4	2032
12	1236
0	554
8	552
9	525
0	4869
0	50
3	53
1	53
1	52
0	53
20	669
24	892
57	433
0	440
8	606
2	900
4	636
0	638
0	202
1	200
0	176
1	120
0	164
0	157
0	0
0	0
0	0
259	0
247	0
0	0
0	0
21	1099
0	0
0	335
2	318
0	4432
1	318
4	293
1	314
0	0
0	0
13094	0
0	402
11	387
8	2647
98	188
0	0
0	0
0	369
14	369
4	293
1	0
7	2349
1	3
26	183
67	550
8	548
0	0
0	0
0	0
440	744
52	744
413	1
4	1476
0	0
0	0
2	6
0	0
0	0
4	0
30	612
6	612
1	1155
403	976
45	2626
415	2626
0	47
0	2791
4	2767
55	2447
0	0
0	0
600	0
957	0
0	1708
0	3806
7	3790
17	3699
135	869
0	1726
2	1399
12	1500
4	1399
13	1424
4	1422
0	1415
8	1663
4	1597
12	1329
1	1187
3	0
0	1372
0	1371
0	1334
0	1370
2	308
415	2875
0	4992
8	4842
6	4819
42	2920
0	11
70	2920
0	0
15	3041
592	0
428	3597
185	2702
112	10512
126	5526
11	306
189	344
45	344
12	3229
3	4383
0	1240
6	1061
122	1069
7	0
0	4763
128	4278
4	4581
9016	3
1008	0
0	1
0	0
13	0
2825	0
0	0
0	0
4832	13
21	3146
15	3147
2	3091
0	3062
116	2967
2	3031
7	3083
1	3063
32	2966
0	2967
0	0
2	1490
0	0
14	182
0	0
0	0
0	0
0	0
0	1
2	1058
0	0
0	0
0	0
3	0
49	985
10	399
1	393
19	1391
16	984
0	0
0	1
0	0
0	0
0	0
0	5
0	5
0	5
0	5
0	5
0	5
0	5
0	3
7326	3
0	0
2	0
108	165
5	165
7026	0
0	1
2049	9
49	1331
390	1465
19	1465
4410	0
1646	3548
93	1353
13	974
41	0
31	1813
677	0
20	1076
0	315
0	352
0	338
7	375
3	95
0	95
12	2789
12	2789
20	1710
0	0
0	0
4	1289
2	81
0	278
2	260
108	24
942	0
0	0
6	422
12	360
23	347
4	345
5	269
6	257
18	201
6	174
59	1274
4	476
3385	0
0	3243
35	2853
0	2929
3	2974
14	3271
162	2507
3	2370
52	4623
773	0
28	830
4	1074
22	1389
18223	1
769	0
6	0
18	0
4118	0
13	3451
16	1647
0	0
21	0
146	0
0	422
23	1545
0	0
5	660
1634	2181
0	4162
20	4145
21	3807
230	9023
122	8948
0	0
1	1823
1	1693
14	1753
0	0
10	1535
9	1606
1	1606
2	1537
0	0
0	0
0	0
0	0
175	447
0	1
118	1991
6	1996
5	1996
0	2
0	284
0	279
6	280
12	279
0	1
0	0
30	2275
66	562
13	475
3	457
6	462
61	925
0	1586
424	667
7332	0
51	18
0	3204
37	2875
34	3183
7	3103
121	46
0	0
0	33
0	65
0	65
0	0
0	34
0	0
662	0
1	35
16	1097
36	973
4	968
13	889
0	0
0	26
0	0
0	0
0	0
46	5089
132	5158
81	5059
624	0
0	17
0	0
0	13
0	13
0	0
0	1441
84	1436
2	0
0	0
0	0
11	798
1186	798
231	1
0	2103
7	1998
1	1998
827	891
0	856
865	0
156	0
476	5
239	1130
16114	8
1	0
734	0
3813	8547
11522	0
1776	0
9	958
38	1746
90	768
2258	0
68	768
2	0
0	63
1	63
0	0
8	2659
0	2468
2846	0
197	3917
4432	0
2761	0
0	0
0	4617
95	4625
13	4574
12	4311
8	4242
22	4437
52	4451
197	4111
48	4111
0	0
0	77
0	78
0	78
30	5660
4	76
67	76
8	69
4	774
2201	0
0	0
10937	0
29	1762
3243	0
0	0
2103	0
0	0
7	797
4	0
387	828
4	0
785	0
0	0
3	85
6	85
0	86
6	93
2	87
0	359
5	6080
0	6023
0	4914
121	314
0	1385
1	335
117	519
662	0
22	2316
48	2316
0	2314
5	2317
1295	1
0	0
0	402
1	502
2	368
4	360
12	2619
9	2293
12	7388
12	7387
0	0
0	0
0	0
0	0
0	0
1	0
85	0
297	515
11	515
0	31
28	248
27	0
0	0
1	18
45	468
7	370
36	375
4	358
26	358
3	366
0	245
2	245
2	245
2	381
9	21
0	1722
0	0
32	718
14	1470
0	438
1130	0
8	1894
0	712
0	773
0	651
0	510
0	702
12	544
5	749
0	1023
0	900
0	952
0	502
12	450
3	482
2	486
2	422
0	421
5	415
118	0
1973	0
0	2303
0	2301
0	2300
1	2295
2	2297
61	2295
3	654
22	670
1	0
499	1007
28	1876
0	1806
11	1751
0	1751
62	1802
6	1746
0	1711
990	440
385	74
2029	96
3	820
1	787
8	714
0	23
261	11461
0	0
379	0
173	1259
2002	0
0	0
676	238
1108	0
0	5
0	4
2	8700
0	8482
2	8960
118	9075
1	8967
0	8626
3	9234
0	8272
1	8409
1823	0
21	1607
155	1104
14	1029
0	1768
0	0
156	2028
192	6237
74	6237
0	0
0	0
0	7970
53	7703
6977	0
78018	102182
0	3311
0	3412
0	3306
43	3140
0	2540
0	2642
1066	7852
27	7852
11713	0
18	646
1	22
1	651
82	3783
338	3201
0	5
0	5
2	0
261	0
269	264
4	705
225	797
107	7178
22	7114
17	390
1	26
0	1785
0	1742
34	1783
0	1852
0	1788
0	1622
0	1855
0	1623
0	1745
0	1685
0	1778
0	1722
0	1678
1412	0
7	1758
0	1560
0	1
0	19
13	0
13	201
12	201
0	0
4	0
1	408
0	0
4260	0
1	318
0	23
0	3813
5	3515
5772	0
0	0
129	1441
275	1441
0	0
0	0
0	0
361	0
19	0
1	960
17	972
2	960
5	586
0	578
4	551
30	1015
4	624
1037	0
108	0
17	2067
0	0
0	0
0	10077
619	9917
0	1873
4388	0
6356	0
16	291
0	0
0	0
0	330
11	4001
0	287
100	4294
15	3973
6	322
0	5011
1156	0
134	0
493	0
18147	0
437	6437
5	923
555	21
0	0
2	0
196	6437
748	0
0	0
78	346
0	345
168	110
124	374
0	0
814	0
1833	0
6	56
0	0
0	1
0	0
0	0
6456	0
22	0
3102	0
0	0
0	0
0	0
1	0
8413	0
2	2
0	3681
0	0
0	0
3950	0
39	1415
2	1413
7	1417
81	0
18731	0
1	376
17857	0
380	0
0	0
22	119
1	0
1	0
0	0
0	0
1045	0
8	0
0	0
0	0
1	0
0	0
7	822
0	0
10	808
0	0
0	0
0	575
4	575
1	808
2	28
132	1
59764	0
19	873
4	730
2	755
14	750
2	779
0	7
0	0
0	0
3	195
12	598
13	572
0	1181
0	428
1	0
59	1622
0	1633
14	413
1	8
0	8
0	8
0	8
0	0
687	405
7	3490
10156	0
0	715
24	708
1352	658
21	705
31	915
5	756
1064	3390
79	3390
3	1309
2025	0
8	4
5	1139
10	2352
891	1354
40	0
440	320
696	1452
3	166
2312	489
1	7
3325	0
3	321
0	321
1	321
2	1412
7	1395
13	1404
10	1391
93	1378
18	1386
14	1382
1842	0
429	4336
0	0
1888	0
110	66
21	38
1	151
201	2426
12	1074
4	1023
63	2426
4434	1
0	0
0	0
0	0
0	0
0	0
7820	0
6	832
4171	0
34	0
0	0
8	0
0	0
0	0
0	0
13519	0
8859	0
487	5347
229	5347
1	0
0	2535
0	1995
0	2592
0	2052
77	1993
34	2490
0	1
348	0
0	0
227	5592
5	5592
75	5488
31	4347
0	4377
0	0
16	1299
7335	1
1	0
1387	0
0	0
28	156
28	203
130	1632
4289	488
36910	0
0	4112
0	4071
30	3929
13	3884
703	0
108	1725
14	526
1284	0
663	0
123	2696
12	3904
3514	0
6	0
2395	0
503	8
0	1
0	0
0	1
0	1
0	149
0	147
1055	0
2216	11
822	0
7036	0
0	0
1	75
4	0
154	540
1275	0
82	706
56	706
4344	0
1641	0
0	1
0	1
0	2
0	177
0	44
2045	0
336	2347
0	44
14743	0
0	0
0	44
0	0
2868	1001
1556	14
3	0
1	44
990	0
208	0
156	1829
0	23
763	0
1944	0
0	0
987	0
1	0
0	0
0	0
18	272
5	277
1	272
0	268
4	0
0	0
0	593
0	139
17	208
177	2292
11	123
3	121
173	0
1	0
0	0
202	0
225	4607
3	161
22	162
1	162
436	0
2	1088
0	23
93	416
78	0
12	33
1057	0
1	31
1	47
0	33
1	28
2	152
5	149
0	131
0	3
10	641
4	567
1	500
0	3
0	3
233	3142
18	1510
68	655
6	62
0	0
0	0
0	1
0	1
0	0
9	12
0	0
3	655
0	0
189	7103
105	7047
0	0
0	0
0	0
0	0
0	0
0	0
1608	0
31	2725
2824	2550
27	513
35	473
18	473
1	473
58	693
0	2078
3	2053
76	2111
50	1896
2757	0
190	3471
11	692
4	691
1	600
0	1
0	0
0	0
10	477
3	467
425	0
47	575
100	564
5	474
0	0
0	666
0	5961
470	0
0	716
750	484
0	0
3445	4075
6	60
1	60
2	60
7	80
8474	0
0	0
69	80
168	1580
32	1580
18187	0
0	0
0	4
0	4
0	0
3	0
767	0
0	3
12070	0
9	17
0	3
807	0
1	3
6	3
0	118
0	114
0	109
582	0
0	0
0	0
3	3904
0	0
3	724
17	582
0	297
4	177
17	150
1	253
7	320
8	319
7	296
49	253
380	0
2	0
182	0
16	117
693	27
0	0
4	0
0	0
0	0
12	5139
0	5219
7	749
1257	1
360	0
3	10
0	0
0	7
2	9
3	7
0	9
270	18
0	0
17	370
4873	0
28	92
3	89
271	1670
389	0
11	55
0	0
159	2036
31	2036
0	127
11	824
17	788
17	776
1	131
2858	0
807	0
0	21751
5	21575
12	21591
136	21354
134	20561
0	158
19	20471
10	20038
30	20397
283	18874
8	15647
65	664
6	483
0	123
0	0
3	122
0	20
1317	0
1	2930
0	5
55	88
481	7636
1	7
1	0
30	866
3	543
11	212
0	212
2	212
0	212
0	0
0	0
1	819
12	1
684	554
625	0
3	4833
3	2788
0	0
29	518
2553	0
1	2
0	0
0	0
0	1
0	1
0	1
0	1
165	0
2352	287
6	274
1876	0
962	0
4207	0
875	0
753	0
0	0
0	0
0	431
0	406
0	446
26	334
0	406
10	411
19	400
0	232
1	228
0	228
15	222
3	223
0	0
7	1934
38	2268
3	2264
62	8638
0	8724
18	344
0	438
17	438
13	1061
0	0
0	0
0	0
29	1098
0	64
1150	0
271	0
0	4
395	0
832	0
2852	0
0	0
0	0
0	0
0	0
1805	3
119	0
561	0
2949	0
2810	0
0	0
80	4
2347	0
0	0
0	0
0	0
0	692
3	681
0	811
0	704
1189	12
2	0
115	633
19	633
0	481
15	464
5	472
1	368
5	371
0	365
1	368
763	8895
41	611
0	0
0	0
5692	0
0	623
0	664
8	1018
0	13467
0	86
5	73
1	84
2	298
62	2240
24	2240
0	0
0	0
0	380
0	326
0	320
0	266
0	0
0	0
2	0
2	6
11	8025
10	8002
0	7550
0	8212
0	8203
0	7729
0	7723
0	4
1951	0
484	4157
2	1826
1	1609
42	7337
2589	504
6657	0
1802	7337
0	2088
0	1782
0	1213
7	334
8	334
16	321
1212	0
30	0
16	5740
1670	0
1736	0
264	0
2	0
233	0
0	0
0	0
131	0
7588	0
41	7
0	0
0	0
0	0
0	3946
6	493
0	82
3	71
0	70
3	70
0	67
0	77
0	65
0	73
47	169
220	0
5	614
643	142
3	19
1	19
1	179
1234	3
5	179
3	121
0	0
2877	0
5	7
0	54
0	56
1	51
0	0
3	59
1	61
0	59
0	52
5	56
0	52
28	4
0	0
0	0
0	0
3894	219
0	0
239	20
25	637
1069	0
772	0
1	0
1	1371
0	0
25000	0
4	0
0	0
0	0
162	658
44	660
1	2113
52	0
15	205
3	651
25269	0
1500	0
0	0
0	0
617	0
745	0
0	0
0	0
14	974
34	0
36	1177
33	2734
0	0
1027	0
98	709
21	709
0	0
2	3349
6	1402
5	1402
0	0
3	0
0	0
0	0
0	0
0	0
0	0
0	0
0	0
0	0
0	0
0	0
0	0
0	0
0	0
0	0
38	2059
2847	0
0	0
0	1781
0	0
2	0
0	0
0	0
0	8
84	1955
4	1955
9	1955
28	219
16	224
3	880
9	5979
45	933
0	942
1	286
9	0
4022	0
0	1674
30	1673
0	1673
2	1661
11	1510
9	0
549	551
0	0
0	0
6	137
1	138
0	139
29	552
391	496
11	531
18	520
15	540
2	499
346	0
0	4
1388	0
15	1779
18	1748
315	0
0	1708
248	0
5	1392
0	0
0	0
0	0
0	0
2490	0
850	0
0	0
2	0
135	0
3307	0
0	0
0	177
0	49
54	8045
11	317
1611	2
770	1615
0	0
1	464
19	1013
6	815
17	773
0	704
3	645
5	641
0	575
8	812
9	812
5455	0
0	0
0	0
0	0
29	960
2	962
0	0
0	0
0	0
0	0
1	242
9	235
6426	3119
1	0
0	0
0	0
2415	2
307	770
68	1056
9	1056
0	0
43	4
0	0
5	19
0	11
0	0
0	0
0	46926
0	46996
0	47818
0	44651
0	47888
0	45543
0	43429
5427	0
2	0
7974	9094
0	0
0	0
7072	40910
0	0
0	0
0	0
0	142
5	120
3	120
2	111
3	108
3	87
8256	0
0	0
0	0
1195	0
2321	14
0	0
0	2277
108	2058
1	845
13	828
30	1357
0	5054
38	1419
4	1328
39	799
174	0
745	0
0	0
24	5051
0	0
66	2158
99	6612
854	3174
127	2903
59	2864
18	2453
0	129
4	135
1	134
0	127
7497	0
0	0
0	0
48	229
134	160
2276	0
84	506
0	0
0	51543
4813	51399
9	43
3551	0
28	578
4	578
5	308
8	1013
106	0
0	0
0	0
58	122
24	1468
4015	3489
1	1256
5	1256
11	368
1688	26169
284	0
12	0
0	0
971	0
13	0
0	0
0	0
7	0
0	0
0	0
245	4282
63	340
0	0
0	0
0	0
11912	0
40	459
0	459
9	320
272	0
0	0
0	0
0	0
0	0
0	0
254	0
2276	0
0	0
0	0
0	0
0	0
5	1830
0	2219
0	1875
0	1958
0	2028
0	1787
0	1767
0	1545
10	1846
4	130
6839	0
0	22
0	22
193	4037
898	479
5	656
15	666
56	932
9	1136
0	151
6	139
9	6137
4	918
164	1120
9	1115
79	196
10	196
38	8426
10978	0
114	6054
80	5400
4036	0
16208	0
0	8
151	0
25	0
4	0
123	415
2	415
6	0
391	358
18	1336
14463	0
352	5900
18	2017
8	278
0	0
752	9861
92	9861
2464	0
299	0
670	110
348	493
1942	85
7	0
0	112
8	112
0	2071
11	2027
1655	0
0	4
0	0
456	0
5401	0
0	0
0	0
11	245
0	233
30	966
18	952
3	936
0	43
3	42
0	46
503	5718
20	5718
6	5476
1	14
13	3187
30	3244
28	3217
26	3274
14	1450
0	0
5511	0
229	0
2	0
180	0
21145	0
307	0
159	0
75	1049
36	737
1	1065
0	966
228	1699
9	1622
9	1583
17	356
2	0
198	0
1562	0
2	11
0	0
0	0
460	30
0	79
0	3
0	3
977	0
100	2538
6366	0
46	330
48	330
45	2538
10	977
3405	0
0	0
0	0
7975	0
1531	0
15	0
178	1163
44	1084
4	1084
0	0
1	346
0	794
0	697
0	687
0	745
1149	2556
21	204
48	198
8	186
15	205
0	3725
67	3422
8	3038
62	3364
0	0
1237	0
6984	1324
0	0
0	0
0	0
0	11164
23	11018
0	11350
0	11444
0	11629
0	1152
4	963
0	0
0	0
1762	1
70	499
0	2767
11	2586
17	2645
0	0
0	0
200	0
0	0
0	0
16	179
6	173
7	170
3	172
36010	0
4	539
47	560
60	4114
5	4150
2	3875
138	529
1307	0
3910	1
0	0
0	3
0	0
353	1
32	1
3	104
5	104
3	64
1	1
6823	149
183	8
0	0
0	0
0	0
0	0
61	0
0	0
6020	265
396	11
3520	0
2195	0
0	2047
0	0
0	0
2	1980
1057	0
574	0
3	2012
6	291
12	1134
17	879
1950	0
3894	0
0	0
2701	0
69	2797
59	2796
23	795
14	1158
5	1106
10	211
24	207
4	164
1	2944
12	2949
7	2999
35	8600
2	3007
33	3071
32	222
0	2983
6	182
102	4801
140	6
24	844
5	798
5781	0
69	1244
80	1239
7	4801
171	464
0	0
5	7518
1430	0
0	221
0	199
7	202
0	164
1	304
2	225
0	226
12	225
2	94
0	0
0	6508
7	6501
4	6477
10	6223
14	6238
92	2071
310	4378
0	0
0	0
0	0
548	216
11	1770
1	0
0	0
0	0
0	0
853	1121
313	3201
0	63
0	64
0	62
1	1723
0	0
0	1
0	374
1	338
0	0
0	0
1	0
0	18
40	3622
266	3620
387	832
237	795
0	48
2	48
2	47
0	36
0	35
0	34
0	43
0	44
3	31
0	2798
10	2690
0	2862
0	2791
0	2713
0	2777
0	2706
1	88
0	0
11	176
0	0
0	545
2	529
2	502
6	176
3	529
7	543
1	528
0	542
15	0
0	168
42	1656
4	1671
5	1657
24	1148
22	1148
7	1148
932	9330
523	8610
708	8131
3204	0
24	2591
498	7126
29	819
10	821
2	997
0	819
0	0
66	577
2	409
2	577
0	0
12	4958
24	4839
12	2966
10	2966
2	2966
0	118
0	118
4037	6518
7	6492
0	6389
0	6375
5	6377
267	6734
108	6708
4786	0
0	3
0	0
1474	0
1	57
1	4
7	239
48	239
7	452
0	0
0	0
0	337
2	332
0	303
0	9967
0	2526
1	2509
2	2352
0	2338
6	2323
4	9567
0	0
89	0
2024	0
0	0
1	0
0	0
148	9135
0	0
1686	0
0	0
0	0
0	0
0	0
249	0
1	2
0	0
16	212
6	212
0	0
0	0
2127	0
0	0
0	35
6	485
24	690
2	693
5	692
1	609
53	573
13	613
4	3937
16	3621
32	1500
4	1350
0	735
0	735
2	0
3261	18
0	0
244	5392
118	0
1	58
21	410
38	404
171	410
0	234
7090	0
0	0
408	4954
51	4798
0	4767
19	700
21	409
20	1142
8	432
6069	0
1881	68
37	2106
10	2125
20	2106
402	1952
0	0
0	18
1	16
0	18
1	18
40	5893
55	5559
13	1722
31	1579
31	7839
44	7825
118	0
0	175
1	163
1	155
3	158
0	168
0	137
27	1152
28	1136
18	1131
30	821
2106	3948
0	0
0	0
6	0
80	0
16	1166
1	1190
0	1189
1	1186
34	1107
62	1192
98	737
0	0
0	159
3	114
0	0
1239	15225
119	15647
1700	7
155	3542
157	3041
0	0
7	1045
47	717
108	4117
169	3989
5	3
0	118
1889	6122
0	0
13	4183
170	0
224	1
1828	0
570	0
2407	0
8431	0
1409	0
48	325
0	13453
50	13420
88	13309
64	13313
7	13221
24	13285
16	12958
5458	0
0	0
0	0
34	0
0	0
0	0
1	375
0	0
0	2107
35	0
0	1
0	0
43	12025
43	12063
2	3944
5	3952
3	3952
0	16
17	1700
2	1700
4722	0
208	1700
1	872
0	0
20	473
16	215
0	2659
20	1191
0	1153
13629	0
24	88
0	0
0	0
0	2607
6	1894
0	2783
1	0
855	0
0	0
1	14
3	0
0	191
9	114
4	129
0	0
358	0
2	524
0	0
1652	0
1620	0
5	0
3	700
2	693
1	692
10	699
0	0
0	57
22	1880
0	0
4949	0
74	0
123	22995
0	0
0	2615
53	3013
10	808
26	740
0	1814
0	1771
4	1988
34	2548
0	2040
102	793
5	798
3	795
0	2400
0	0
0	0
0	0
0	0
0	0
0	25
0	11
2	28
4	23
0	22
2195	0
27	0
5287	0
68	2465
0	0
0	2
148	4677
49	4684
3378	0
12	312
0	1060
105	535
2	541
47	675
31	780
3	0
0	1
75	492
1446	0
5	40
3068	0
186	0
6	645
0	0
128	26
3	382
441	9042
0	294
0	295
11	0
0	0
4053	0
39	2342
19	327
1	327
35	0
1713	0
0	0
0	0
3	8
0	0
11	16811
0	0
0	0
0	0
0	0
0	0
13	1089
9	1082
188	1077
2	1071
33	0
0	0
0	0
5403	0
0	0
510	515
2	278
2837	0
208	1008
0	1
2356	0
2277	0
4	228
1	213
0	0
2141	28
1	39
2	39
0	25
0	2
0	2
0	2
0	2
0	2
0	2
0	2
0	2
0	2
0	2
0	2
6	2
0	2
0	2
0	2
0	2
0	2
0	2
0	2
0	2
0	2
0	2
0	2
0	2
0	2
0	2
0	2
0	2
0	2
0	2
0	2
1	362
67	222
68	89
7	375
0	0
0	0
4	0
27	391
41	391
1	391
0	5483
55	5364
8	5347
6106	0
0	1397
5	1375
0	1375
14	1323
4	476
3	1336
2	1314
0	3215
12	1756
177	3214
0	7
10	2143
3	303
55	709
17	124
7	572
1572	0
0	0
1492	4009
0	563
1	523
43	627
0	0
47	1488
8	1498
1	1498
1	1884
6990	0
820	9336
0	341
0	198
18	292
131	7289
42	7288
13	7288
853	0
96	0
0	0
384	0
0	0
3	0
2	0
0	0
3415	0
0	503
0	0
0	0
0	0
10	545
1	506
2	457
0	541
1	541
11	531
3	529
5	876
1010	0
0	0
0	0
0	0
0	0
6	544
3	329
7274	4
551	0
2	0
8	0
1	360
1	343
11367	0
0	3211
0	3003
0	5629
16	2935
0	5421
0	2989
0	2883
0	2835
0	5301
2007	0
3	200
20	664
0	1242
1	1244
3	1244
23	1190
2	0
1192	2
78	0
7	758
303	4338
16	104
2999	0
12	104
5	99
45	2583
60	2862
516	0
0	0
13	381
23	381
5	378
10	1188
10	170
155	2793
52	2881
27	2868
46	2792
21	2812
9635	0
17	889
0	0
6	9
0	0
0	0
195	0
412	0
1	0
0	0
0	0
2	2
46	2151
1722	0
134	1700
113	1765
13	5705
5	5141
78	6392
150	5284
31	5064
0	1320
10	1276
1	1276
22	1264
3	1264
0	862
1	151
12	30
757	18
0	0
112	2299
0	2891
33	2870
21	2852
15	2860
1303	0
0	0
3	88
0	0
0	0
6	920
116	1491
755	281
1	31
0	1756
54	1604
208	53
2692	1
3696	44
9876	0
0	0
223	323
2697	149
0	495
0	6824
151	6753
0	2870
13	2403
6499	0
1	0
72	0
0	0
900	0
46	2557
13	2369
0	43
0	40
0	6542
1	6771
3	6924
0	7163
0	6880
0	7501
26	5987
5	4147
4108	0
265	1897
3375	0
1549	0
1	0
0	0
0	0
0	760
8	986
17	981
1841	0
0	0
4	679
4644	7338
15	7414
0	0
0	0
17361	0
0	0
0	0
0	0
0	0
0	0
20	2295
14	2316
0	0
51	328
2567	0
0	315
0	370
22	338
21	372
0	411
1	508
23	508
0	0
43	367
106	0
0	0
1	684
1696	0
3	679
0	0
2	322
0	323
0	314
0	0
2697	0
4825	0
3	56
0	56
342	0
0	0
1	0
0	0
0	0
0	0
5697	0
0	0
0	0
0	0
617	0
0	16
0	16
0	16
0	0
0	0
1	404
8	388
17	403
25	3363
697	0
350	2803
357	11
64	134
11	134
66	0
5	1122
11239	0
0	0
0	0
0	1
0	0
0	0
0	0
83	3583
647	2
22	3741
44	772
7	779
3	774
1311	0
2315	0
206	0
13	1103
113	1002
214	3154
4	3170
19	3170
0	0
1	3
39	3
0	3
5	908
0	908
0	0
0	0
0	0
0	0
0	0
1	0
0	0
0	0
5903	0
3452	0
6	122
0	116
4	115
0	0
29	721
2	137
1	122
0	119
0	51
4258	6
10352	0
14	376
0	239
0	207
86	200
3	206
2	204
44	1510
31	632
0	6
16	6326
0	1074
2	1065
10	1052
34	3052
5	3052
1	3052
0	0
1632	0
3	2793
0	0
3	2286
14	785
2	1516
0	1516
49	329
0	6
0	6
0	6
42	1497
6	498
465	99
0	0
0	0
1131	0
4	0
0	0
651	1191
92	1052
13	1165
0	0
55	1052
3	63
11	2464
3	2318
9	1339
6	4561
0	373
25	246
13	275
7	89
3	82
16	1359
323	5487
425	5487
0	0
0	0
0	1298
17	3019
472	3117
0	1
1	1319
48	1196
6	399
334	3006
9	1309
8	3130
34	1511
0	1697
5	1307
10	310
29511	0
5398	0
0	0
718	0
858	3
0	122
0	0
1334	3
1255	1308
77	73
0	660
3	660
0	660
4	530
91	124
3	124
20	493
0	2610
0	2569
12	2569
0	2086
9	2532
15	2363
21	902
7	264
5	231
0	5
0	0
21	445
6935	0
0	2452
0	0
8	146
324	439
223	3241
0	421
0	421
4	408
4	420
1	408
0	408
0	408
0	409
0	408
0	0
0	419
0	407
0	406
0	406
1	428
0	405
9	382
0	398
0	1
137	2038
0	0
28905	0
0	1445
4	0
0	0
2	0
0	0
3	0
856	264
12	103
2	998
809	0
0	0
0	0
0	0
0	0
0	0
1093	0
0	0
1028	8250
0	0
48	291
3	600
20	164
0	2871
377	2814
52	1557
2	2802
0	0
15	269
70	545
47	785
27	0
1	0
972	0
0	0
0	0
0	0
18	8
307	2132
18	2132
23	2969
0	0
0	0
3	376
1	376
1	376
0	376
2	377
29	882
20	882
16	882
24	813
297	6639
0	0
443	0
359	10368
2941	0
959	0
17	0
140	2910
1	2910
3	2910
62	4869
15	5007
0	0
1	799
0	0
2358	0
1488	0
496	429
3	429
1	429
382	0
0	0
170	1518
27	8821
1679	0
0	0
0	0
20529	0
0	1990
110	5092
1	1988
36	1965
4	1799
9	1800
0	0
2	18
0	2821
4	0
1	0
98	178
3	65156
11452	0
59	963
0	1
22	1799
5	1075
3	1075
0	0
0	0
0	0
8	1058
0	1736
152	1687
47	1533
2047	0
1479	0
2033	0
54	56
0	475
20	476
1	642
0	642
99	1790
9	5901
0	475
2	0
20	1625
1738	0
2996	22
444	0
1	2993
10	2796
127	3017
0	2818
0	2641
0	2930
1	2752
481	8239
18	8162
0	0
0	0
0	0
5	613
0	156
0	166
1	135
5	1253
21	1254
6	715
1	583
16	353
206	0
646	0
0	5611
0	4801
143	2041
0	0
0	2956
1	2379
113	746
5	746
1	0
0	2124
39	2018
83	1128
0	2401
133	4569
0	0
46	2409
94	2000
0	0
0	0
0	566
2	541
10	590
1037	0
2859	0
6	7181
11	6716
177	7179
0	33
0	33
0	33
0	33
78	0
0	0
0	0
0	0
0	1
0	0
0	0
0	0
2455	0
62	2414
2	448
0	469
13	448
76	1977
2607	0
0	0
520	0
80	2197
38	1919
11	0
27	550
19	547
4	550
9	1901
39	0
63	2
0	1446
703	3
5	0
0	0
32	1915
0	0
270	0
10	0
0	0
1940	0
3	1612
1285	0
23	212
10	82
1	82
9	282
11	286
18	164
146	1091
69	1079
5685	0
2582	0
0	0
1068	0
1989	0
0	0
0	0
3195	0
0	0
2	155
2	113
3	551
38	7891
13	690
9	558
0	33
0	33
8	41
0	0
0	0
1595	460
0	0
0	540
4	532
0	1104
19	1023
3	1019
5	1004
147	824
52	799
49	1676
51	15
192	3140
0	0
0	0
0	0
0	0
0	0
0	0
0	0
0	0
196	1834
26	1834
0	0
135	0
6217	0
778	0
1085	0
6204	0
7810	1036
0	0
0	0
0	0
0	0
0	0
0	0
0	0
0	4
0	0
0	33
0	7
161	7693
34	583
3	162
3950	0
3430	280
0	0
1099	0
0	0
0	0
0	0
2922	0
1	439
3	309
0	309
0	0
0	0
0	0
0	0
0	0
0	0
0	0
0	0
0	0
0	0
0	0
0	0
0	0
0	192
11	1583
61	1720
29	1548
3	4766
2	4766
7	4237
15	612
27	652
9	584
15	558
4	478
283	0
0	0
2	0
0	3978
0	3744
8	3677
0	3797
0	3812
0	3764
13	3815
137	3822
0	3530
1391	0
3950	0
1	1
426	4
776	0
1	841
2	830
0	770
11	3541
8	0
47	735
21	154
4	154
2	154
40	401
11	137
4717	0
0	320
0	306
20	1077
0	0
8	1996
11	1827
0	4559
0	4627
1	4694
0	4775
0	4480
17	4409
0	4564
0	4622
18	0
4409	0
0	323
0	322
1	319
125	0
4	689
0	180
0	179
10	70
1	25
1	25
0	25
6	689
0	178
0	177
1	688
2	41
118	1881
1	45
0	43
8	41
1	30
0	689
45	1140
0	1136
1	1136
2	1136
16	1098
18	982
1	0
107	9279
0	0
0	0
1038	0
1401	600
0	0
0	0
1	599
0	0
0	0
6	599
1988	0
1654	502
4	614
105	592
289	2415
23	2317
112	2317
616	0
0	0
1657	20
2	349
1	1067
1	1819
0	5
0	5
0	5
0	5
0	5
262	708
57	708
20	0
0	732
0	732
2	0
0	0
23	974
55	1926
232	6816
0	9
0	8098
10	1653
0	14
1	14
3	1729
0	0
0	0
2	0
33	998
36	1001
42	1135
9	779
32	574
0	0
0	0
5	779
0	0
4478	0
148	0
0	772
4	201
181	772
24899	24
0	3899
5	3272
14	0
159	0
6	2477
13	2473
4118	0
519	0
10	7919
1062	1
17884	0
3704	0
2	0
84	0
2	0
0	0
321	3166
38	383
6	369
0	305
1650	0
6	6671
5	742
61	9118
9	335
0	335
5	743
14	267
5	265
2	0
0	737
251	0
0	146
1768	6710
185	6711
192	2342
1069	0
3	3592
0	0
0	0
1017	0
0	0
0	2
0	0
0	0
0	0
0	0
306	2486
0	40
0	3
2235	0
74	4141
0	0
41	4083
0	0
0	0
0	0
3	0
7	1134
15	1121
0	1075
0	2
48	1741
0	0
4	1544
19	1583
0	1796
2	1796
0	1796
20	559
0	550
9	0
0	0
2004	0
1	0
0	0
0	0
0	0
0	0
0	0
0	0
1952	0
0	0
0	0
0	1
0	1
6	8
1771	0
1	236
3	85
37774	1384
2	0
18	720
7	0
1	2
0	2
4	764
0	2607
3	2578
0	2578
28	2580
120	1397
0	40
0	33
3	1097
12	997
217	913
16	279
1168	0
31	7
652	4447
0	0
0	144
0	58
0	97
1	139
0	0
28	972
42	967
18	957
1	914
2404	0
8	0
0	93
5	62
444	0
1141	0
0	0
7	8513
1675	0
3	0
0	0
0	0
595	0
0	37
5	37
18	594
16724	0
5091	0
853	0
0	1
34678	0
1961	0
1	0
1	0
0	0
0	0
0	534
13	534
300	50
0	0
0	0
0	19
55	3086
0	3268
7	2766
8	2765
1484	0
1406	0
856	0
0	830
13	518
16	594
87	3671
463	0
23	0
1	0
0	0
0	0
2	28
0	0
10	1924
152	1517
33	1517
130	1509
338	914
1	0
43	809
15	0
1	221
112	498
85	529
13	529
3	0
0	0
0	0
0	0
216	2899
2040	5
0	0
0	0
142	0
26	2899
2	0
11666	0
0	0
0	0
0	0
241	7983
0	0
1	231
0	230
0	226
1	223
0	231
2	222
0	262
0	265
0	269
0	262
0	260
0	0
4571	0
1	0
277	6
41	0
0	0
0	0
550	0
0	0
0	0
5	0
18	618
8	543
66	1270
8	303
2	77
4	77
0	76
3	76
0	86
0	85
1	77
0	0
0	0
1513	0
15	1561
30	8300
315	649
0	3214
0	649
3	1572
92	1437
0	15
416	1374
6	0
680	0
0	2847
207	2828
5	2433
0	413
37	2632
9	2642
17	1521
13	2355
10	1979
1	408
0	0
0	0
1	408
0	0
15960	0
0	407
0	407
0	0
25	6411
1	6381
76	6074
14	6071
30	592
8	303
1273	0
0	0
1	0
3986	0
69	757
2	7
5	285
0	0
1676	0
0	3805
501	5954
5	1726
109	183
0	0
116	1471
4	1376
8	1579
67	1189
0	27303
2684	15
1509	0
37	1552
136	6451
94	653
5731	0
13	272
7	383
37	272
58	383
18	383
74	1636
275	1592
1232	0
0	1
0	0
0	0
0	0
0	0
784	0
1441	2
4036	0
10	1556
0	0
24	334
1	346
19	344
3	0
0	408
0	643
20	604
0	593
239	832
7	603
1460	0
0	112
9	83
280	44
2	0
846	0
9	233
0	233
0	0
6	28
9	382
20	15
0	0
0	0
1	0
0	0
0	0
2	3843
3	423
41	479
0	521
10	2956
0	0
540	0
0	76
1	75
1	74
0	111
0	110
0	108
12985	0
3245	0
0	0
2	674
2	674
1	72
0	0
662	5528
0	4145
0	3999
24	3911
51	6113
0	4330
0	4131
2774	0
3766	1
0	415
11	1859
156	0
0	0
13	428
2	428
0	0
977	0
70	9
0	2409
0	2384
2	2364
25	2481
885	0
1	0
0	0
45	0
0	2338
1011	0
22	2413
2417	0
876	0
0	3119
97	0
35	0
494	0
0	0
0	1240
13	1199
1	5
1	1215
1514	0
345	0
2268	0
0	0
0	0
0	849
0	973
0	837
0	961
6	671
1	972
7	1096
17	890
7	895
0	210
1	223
0	220
5	885
8	193
836	0
226	0
6517	11476
758	11476
10	660
13	1716
10	489
29	1697
28	0
4960	0
2	641
54	7580
8	7295
628	2415
0	624
157	24
389	63
0	0
0	38
810	7978
2050	1051
5	88
1	88
22	1422
325	1422
2	0
0	0
0	0
0	0
73	602
36	602
2428	0
1234	1
14	85
800	0
2985	0
1139	1
5	0
8366	0
2	355
41	1575
4	1575
2	1565
45	231
0	55898
1689	55477
2786	0
39	15693
20790	16800
18	884
28	813
1	830
1188	0
1692	756
74	475
23	476
16	475
0	3126
14	2991
39	2956
0	0
0	13
0	0
30	2067
29	2462
303	1205
2473	0
30	0
296	1179
0	0
0	0
0	0
0	0
0	0
0	0
0	0
0	0
0	0
0	0
16	0
25	172
34	1025
12	748
0	30
0	30
0	30
0	1
0	0
3	1296
31	1238
4	1255
173	1235
3	982
0	87
24	77
0	76
11	75
14345	0
1	133
3272	0
0	0
0	0
0	0
0	0
12	564
1	0
5	557
6	563
1	1133
16	114
16	114
1142	26
392	839
0	0
629	4
513	0
6	0
892	0
28	2522
0	40
4	32
1	30
1703	0
4	0
755	0
0	0
7	1140
0	344
0	350
0	346
0	0
3	328
0	317
0	365
0	346
0	338
2	340
5	3
1	0
501	2247
0	479
1	129
4265	0
0	1718
162	1612
11	1383
3	702
0	701
20	701
11	1575
9	1538
14	1230
2	0
181	3646
0	0
2	2049
0	0
0	0
1	2049
8	1227
0	1102
26	1232
185	1241
47	2053
12	2210
18	0
0	0
0	0
0	0
0	0
2697	0
39	1101
29	1060
30	1066
1659	0
2246	0
0	0
0	0
32	6692
0	3559
17	2011
173	3525
37	767
1	0
218	3
0	0
0	0
0	0
0	0
709	0
0	0
0	0
185	0
0	0
595	425
1	0
2792	4124
100	4107
3243	9
1	0
4	243
104	2963
248	3877
6	270
0	174
37	384
377	1
4	591
1	548
148	10
0	0
0	0
132	4900
138	0
0	0
0	0
0	0
0	0
9	5
0	10
2425	3300
13	3295
117	3295
6	3168
171	0
639	0
1345	0
0	2
51	1741
1322	0
4223	0
21	75
1	75
1	0
0	0
0	0
0	0
56	2054
37	2357
18	17744
224	18220
24738	0
0	0
0	0
0	0
0	0
0	0
0	470
3411	0
0	1
0	0
133	1943
10	1943
1	0
0	0
0	0
1	7
9901	0
0	0
3720	0
0	703
0	0
8	566
1	0
67	836
41	836
3582	0
3	639
0	2398
23	2285
1281	5801
147	5801
0	2567
0	2549
2	2549
2	2549
0	2549
0	2549
21	2560
0	0
0	0
259	2351
15	3209
0	0
0	0
0	0
0	0
0	0
94	1531
0	2
145	3759
245	3759
14	0
0	39
0	39
102	0
3	17
91	884
222	0
279	884
3	70
2	70
498	4
0	0
3863	0
6	2147
7227	0
0	0
1	10
6	122
19	122
0	24
0	0
5032	3
19	0
0	0
2	0
14	1374
0	0
0	0
0	0
0	80
0	0
0	0
23	3296
453	0
652	29
0	0
187	0
0	0
2	80
3	1
0	0
1426	4260
15	0
0	0
0	0
7	0
4	1696
214	554
0	0
0	0
0	0
65	2388
1	2170
40	2328
4	2155
28	2412
0	2429
7	2346
4	2317
41	2248
0	0
597	2980
0	0
5	5
330	0
0	0
0	0
0	0
0	0
0	0
0	0
11	3757
0	0
29	2421
0	0
0	0
0	0
0	0
1	0
6	441
217	1075
38	1085
11	1080
1	1080
0	0
0	0
0	0
0	0
0	0
0	0
0	0
0	202
0	162
668	39933
12	1508
36031	2
547	0
65	638
0	558
103	1535
44	825
495	0
2	1260
0	30
139	0
0	0
480	0
2361	0
1	47
0	0
66	0
96	394
0	0
15	766
0	2841
0	2951
0	2774
37	986
166	2285
59	2285
0	3839
0	3908
29	3754
9	3570
0	3953
1	3210
404	2934
135	2948
117	2956
928	3108
0	3278
1918	3171
39	3280
109	1433
0	0
2	21
2	1699
4	1798
142	2199
9207	0
74	1603
31	0
717	0
263	10861
10	92
1534	0
1497	0
84	2157
0	0
0	0
1228	0
2506	0
0	0
4257	4
0	0
0	7776
0	7795
0	6177
8950	0
3241	0
777	0
0	3
0	0
217	0
7	29
0	29
3	473
10	473
215	0
8	1152
1	0
2	1074
112	1726
0	0
10	0
2	13
29	4700
11894	0
0	0
240	620
1	629
0	626
2	624
3	589
0	1783
59	1647
6	1710
3	1647
8	1681
31	1673
7	1070
0	62
3	0
99	1038
0	3300
2792	26
14	800
3525	0
276	0
862	0
0	0
0	0
2	0
128	4508
553	3946
150	3511
0	0
0	0
0	0
0	0
0	0
0	0
0	0
0	0
0	0
2320	0
7	241
4	241
1	241
0	0
0	0
0	0
0	0
129	472
4313	0
83	411
24	392
0	0
3	2700
3	2700
4703	0
3	635
58	689
0	0
0	0
3	2247
4	2110
0	0
0	0
0	0
0	0
0	0
0	0
0	0
0	0
1	1991
0	0
2	0
0	0
6	0
0	0
0	0
138	1944
2	2398
222	1585
98	1585
0	0
3	2004
0	0
0	19
0	2
7092	0
0	0
0	0
2355	0
0	0
0	0
6347	1756
0	1033
0	0
0	0
0	0
309	11
0	111
0	1
0	1
0	0
0	16
5173	0
103913	0
1065	0
2	72
0	0
0	290
44	1661
18	265
2	265
4	263
23	0
3112	0
1	2169
21	0
2	503
29	991
525	0
0	0
0	0
0	0
395	927
3651	0
27	331
29	0
3	0
13	0
46	2063
226	951
101	951
8	1
1960	0
2	74
64	0
1651	1
0	0
3013	0
961	0
2877	0
0	0
2	385
502	0
0	0
6	2
0	0
1	0
0	0
111	13
0	0
762	0
0	1657
9	1640
6	1606
39	0
3220	0
68	936
2	1538
83	567
0	0
5	771
7	707
13	670
0	24
0	24
0	21
0	17
0	21
409	346
0	965
0	1966
0	1830
0	1975
0	1905
26	1615
0	0
0	0
1	0
9	1208
14	1262
8	178
0	0
10	1201
21	343
0	0
9	1204
0	0
3	8
0	8
0	0
0	0
0	0
21	0
0	1
0	1
1564	4119
1492	0
13	3968
6	4123
2	10
45770	0
11	908
12	4104
0	0
0	0
28	494
2	492
7466	0
0	0
39	4006
1	0
75	3976
0	0
0	0
7	3976
1232	0
5	0
5265	0
18244	0
38	1354
1855	0
1789	0
1	33
1	33
0	0
0	0
9	861
0	0
0	0
39	1443
432	274
0	15
3	15
0	107
12	106
5	1553
14	103
0	0
0	0
13	1687
0	0
0	0
0	1610
0	0
0	0
0	0
0	0
3182	0
27	5273
40	2673
0	0
2	0
0	0
0	0
0	870
0	0
0	1
0	0
20	1424
0	0
0	0
6	4502
0	12
3	0
986	0
386	0
3	10248
0	1842
645	0
0	753
6	0
0	2276
11	2233
0	15974
4	0
4	34
644	5402
0	0
0	21
3	21
70	2654
111	757
627	109
0	799
3	757
4	738
7	24
1482	0
5253	0
0	24593
0	23564
18	23369
371	3667
19	3641
1	3666
40	0
0	407
368	1926
487	1925
43	56
0	0
0	0
0	0
4	355
4	0
1	338
0	242
2	188
0	0
0	0
0	4
0	4
110	0
10727	315
17100	0
724	197
6	521
2	465
0	0
0	0
0	0
60	1618
206	2750
22	1218
0	45
0	13
15	0
0	241
0	2228
166	2070
71	2062
0	5
1	5
40	241
4	542
36	971
42	168
1	185
22	185
5	237
1631	0
11	7514
64	7772
7398	0
11	389
0	2
0	0
61	820
0	0
0	340
9	251
5	252
33	850
0	0
0	0
0	0
0	0
7	0
0	3410
0	0
0	0
1	3523
0	3511
43	2
1	0
0	0
0	0
207	0
0	0
52	1987
29	11071
667	10999
5370	0
0	5
2105	0
0	1492
0	0
0	3
0	0
738	755
0	0
380	0
381	0
0	0
0	1473
2	1473
0	2
3	1466
1	0
24	2752
172	2778
6	2757
20	2761
15	2249
29	2143
456	0
56	543
0	1
248	2381
3	2381
1357	0
221	0
428	3437
0	1502
61	0
0	3
15	125
0	27
0	27
0	27
2104	0
26	125
0	0
0	0
1	0
13	513
0	3837
24	0
0	0
3	3819
7	1057
0	0
56	3835
752	0
5	3805
0	1
248	2415
9	461
2204	0
0	7
1	7
15	3799
157	13
2	1492
31	3477
11	3226
4	3546
0	0
3	159
2	219
0	0
5	160
0	0
0	0
1831	0
49	2579
807	0
467	0
61	0
0	1587
1	0
18	1218
0	0
0	0
0	170
0	0
0	0
0	170
124	2539
0	0
0	0
2	168
0	0
0	1362
0	1348
21	1342
0	1343
0	1792
2	1324
497	1
0	0
2707	0
32	1730
4416	0
0	3
0	6172
163	0
0	0
6	330
0	5303
0	0
0	0
0	0
2870	89
0	0
21	0
3118	0
304	3211
0	0
0	0
0	0
0	0
0	0
0	0
0	0
0	0
157	12
2034	0
43	762
24	460
4	0
848	0
0	0
0	0
0	0
214	3
0	0
21	29
61	2447
8	2447
191	4042
2	269
1	197
7	99
0	99
42	707
1	711
10399	3496
13	7311
38	7320
281	0
89	0
29	5051
4	673
10	710
25	4721
3	0
9	84
5	84
0	1866
0	1866
16	1869
15	625
6404	0
0	603
0	617
7	614
33	558
0	535
3	534
39	16418
0	0
0	0
0	1
0	1
0	1
0	1
0	1
0	1
0	1
0	1
0	1
0	1
155	15
0	1
0	192
0	189
28613	0
0	185
0	188
0	174
10	1361
0	39
0	964
6	833
6	832
16	549
41	604
16	554
0	0
0	0
143	675
0	0
0	0
9	13593
12	389
0	48
1	50
0	0
2	0
0	3901
6	0
122	4091
1375	4
26	1465
0	1564
141	1513
60	2776
40	3218
1	2907
0	2
3	3163
32	2687
3	0
1	10
6	675
0	0
930	0
0	22
3	22
0	0
48	23
5	1
56	170
25	4973
9	159
0	0
2	5026
6	1515
22	5005
0	0
0	0
390	240
24	123
12	1858
8	1854
0	0
3	619
9	618
7	592
26	576
4	534
253	367
0	0
33	646
42	646
0	0
380	2351
182	0
607	0
0	0
0	4
98	0
0	0
5	987
2	28
1040	0
1136	0
25	412
13	140
12	3167
10	249
1	0
0	434
6	434
0	432
0	487
0	477
0	0
0	0
0	0
0	448
0	4
0	0
0	2
0	2
0	77
1088	0
3	1
0	0
178	44
222	0
86	1
0	0
158	5379
0	235
23	53
0	34
2	221
24	0
1	179
0	413
0	431
4176	0
2	205
0	14
3	12
15	0
858	0
107	2227
0	40
0	21
0	20
423	0
91	6715
3053	5538
2	0
57	0
0	0
0	0
69	136
1798	1380
0	0
0	0
0	0
0	674
180	0
18	0
1	246
2	248
25	1159
2	1100
1	1091
20	429
7	414
10	439
6	637
4	559
3745	232
219	1728
78	1467
10	2549
42	943
603	0
0	1034
12	1007
16	1013
16	83
0	2901
127	588
1	0
0	0
27	588
1217	0
13	1368
1	1167
0	10
2	0
0	20
34	25
0	0
0	59
0	56
0	56
371	4660
15	0
0	317
3	324
5	319
14	316
0	0
314	0
17	232
60	125
0	0
0	0
3	126
11	126
0	0
0	0
1185	2
1540	1132
9	836
35	966
0	20
0	0
1671	0
830	1503
1	6100
1102	0
164	0
0	3504
30	3427
26	3502
10	3468
42	3487
7	3427
9	3422
5	3302
32	7511
176	7126
0	831
7	674
62	0
35	152
0	0
62	5
3	233
3	228
0	2522
449	2522
0	0
0	1878
5	1850
0	1850
23	1852
13	1873
3	582
1	803
0	1
0	0
10312	0
0	2
0	2
4886	0
4	164
0	0
33	1
1032	0
112	3388
522	1472
1	2
1317	0
1	0
22	610
105	784
758	11
0	0
1736	0
14	0
4	1202
10336	5
0	0
2369	0
30	70
3	70
151	0
10	154
0	181
0	181
0	181
28	183
5	181
2	182
2	38
1160	0
23	129
17	134
1465	103
0	3440
4257	0
1	883
32	883
0	3629
2	0
0	0
109	13871
78	951
15	951
13	951
2	951
3	860
0	3004
25	381
16	381
0	0
2	0
21	2037
1738	805
1483	0
0	0
0	0
28	2550
0	0
0	0
7860	0
0	0
2241	377
0	0
0	0
0	3295
0	0
0	0
0	0
3	1001
34	3159
7	443
6	514
0	1
4522	0
10	3158
11796	0
0	0
3	0
0	0
36	297
3	283
0	0
2671	0
200	0
0	2237
14	2774
0	2238
0	2786
86	2361
106	2392
39	2391
2	2384
23	2344
32	2878
171	145
70	599
5	113
0	2958
139	2733
331	9592
16	9592
0	0
3	299
0	0
0	299
0	0
429	2676
6284	0
6	0
0	0
2448	0
13	8097
3	8097
0	0
941	1
0	0
0	0
296	2684
0	0
0	0
0	0
0	5
0	0
0	0
0	0
0	0
59	0
6	0
54	1001
141	0
761	14
0	0
41	1706
445	0
0	0
3	0
0	4128
0	4143
0	3001
24	3090
18	0
6	389
0	387
0	47
0	0
2215	0
2	48
4	48
408	7433
42	6956
234	7474
51	274
0	0
0	0
0	15
0	74
1304	0
0	0
0	14
1746	2
25	529
94	0
1	1
0	14
279	0
808	4
1541	0
4	0
2	3
107	0
0	0
95	1001
2745	0
1	0
11	2483
87	2483
0	884
74	790
33	115
0	18
0	18
4884	67
0	16
0	0
10184	0
26	1642
67	0
0	1632
0	0
68	0
4223	5164
6	845
843	0
981	654
55	654
25	2
392	0
25	873
159	7392
173	0
0	553
3	340
7	523
6946	0
0	327
0	247
32	232
2	232
1799	75
1523	5635
0	46
0	1615
14	617
0	45
0	0
3	0
0	77
0	0
0	2669
4	0
13	0
35	0
0	0
890	0
3817	0
0	0
0	0
0	0
92	441
2995	0
154	6399
87	6399
4	6291
236	6058
69	1020
0	1020
1163	1
50	4213
15	4109
4	4181
1695	0
0	0
225	4678
0	0
20	21
3209	2789
0	0
4433	0
0	0
0	0
195	1693
24	557
0	181
0	0
5	1620
0	0
102	3078
0	0
152	0
0	0
0	0
0	0
0	0
6	51
3	1259
24	1247
7	1164
0	48
0	605
3	602
0	48
31	856
10	709
3639	0
1	7
36	6017
193	5853
45	5227
456	5824
51	0
0	0
0	0
2711	0
0	1233
17201	0
0	0
32	198
70	1292
16	185
2	185
434	0
0	13
51	1072
192	4473
0	4532
35	1031
0	0
0	513
11	491
15	513
18	989
0	0
0	0
2	1022
0	1417
0	1491
0	1491
0	1565
5	1130
7719	0
0	0
20	1086
17	1186
3	1180
177	1243
0	0
0	0
0	0
1607	13254
1507	369
356	0
4	258
1585	0
0	5
2	1154
47	1036
0	0
0	0
633	0
2019	187
1994	0
0	2207
0	0
0	26
121	2162
6	6913
21	3396
0	0
0	3
0	0
1	181
1	174
0	0
0	0
0	0
5	0
2	0
0	6
0	2
0	2
108	395
44	395
12	387
223	0
8	254
3	209
7	199
1880	1815
10	2279
16	557
885	12716
935	9799
37	546
9559	0
0	0
9	988
8	0
12	670
2	669
0	0
814	24
281	209
7	446
6	439
5	369
5329	91
0	0
163	223
847	0
276	0
1	850
2035	49
2	6149
7	6454
0	0
0	0
0	0
0	0
0	1105
73	652
4	1117
176	1071
6	1099
6	1090
12	1108
1	1078
64	1053
146	1026
186	0
110	0
4424	1044
339	0
0	0
0	0
694	2
0	17
39	11
0	0
2084	30271
1	0
0	0
66	658
0	3
1886	0
0	0
0	0
0	112
2	98
85	89
2322	678
1648	0
0	0
1556	0
1	623
85	0
32	0
3	2
25	1091
10	1171
535	19
8	658
49	0
13298	233
61	2377
176	353
37	2552
1326	0
62	369
0	0
1329	1978
0	0
1200	5
0	0
0	0
0	0
200	800
12	0
0	3463
4	3105
11	3114
3	3539
0	3462
9	1731
0	3358
1	3539
30	3716
0	3433
21	3105
0	0
0	0
14	1147
67	4070
0	3996
12	3994
3	1124
212	5263
0	337
27	312
4	1112
155	509
21	967
3	9
2	1186
0	104
17	2303
0	0
14	1188
0	0
359	2
82	753
934	794
4	643
505	1156
17	1151
0	1764
0	3052
0	3052
0	0
1	0
0	0
0	0
0	0
0	0
35	0
41	1255
3	0
0	0
2718	71
15	1641
0	0
9	2481
0	0
0	0
0	0
6	2395
0	0
4	2354
0	0
0	0
14	2500
113	2477
63	2485
104	1999
0	0
0	0
2	414
215	0
0	0
0	0
0	0
0	904
6	293
16	293
20	137
0	137
0	0
0	2046
6	1887
491	0
0	0
5	0
400	0
0	0
4341	0
1	0
0	14
0	14
0	14
51	0
4	0
1	0
12	1852
4	1403
0	0
1	0
215	11
0	0
15	326
5	301
1	60
0	57
4	57
883	10
5	108
694	21
0	0
0	0
19	388
0	796
0	0
18	476
2	476
0	1
0	0
114	1546
527	0
0	0
1	30
8	2697
0	0
483	3222
5	152
319	96
0	112
0	0
0	0
55	1590
903	1256
141	5251
4	143
17	1061
138	0
3	0
932	0
0	0
0	0
1849	783
0	0
0	0
0	0
0	0
0	563
0	563
8	218
8	192
0	218
15	364
5	1238
1	1186
6	1231
0	0
2059	0
0	3
0	790
0	0
11	754
0	0
6	754
236	369
6	7
0	0
0	0
44	8868
1914	0
0	1
0	0
8	0
3067	0
14	640
3233	0
0	0
0	0
425	1354
0	577
15	572
1	410
4	531
2	539
5	461
1	530
612	22
502	93
145	9
0	0
0	0
1014	13
14	0
26	0
3	0
0	0
0	138
2	138
274	119
0	0
0	12
0	3951
1	4509
2	4159
50	4833
506	3788
6	10
16	0
907	32
3	1618
4	2195
1	2208
8	16227
1997	16227
0	0
7	0
0	34
0	0
0	1
0	1
370	0
1	1726
1	24
0	0
0	0
0	0
0	0
0	0
0	0
2	23839
67	1707
4	56
2	0
1128	0
46	351
1170	7
5	748
0	0
1	0
8	2248
104	2441
34	2242
3	2307
0	511
5	520
4	488
6	1277
99	2750
550	50
1130	0
631	2998
0	13
0	13
152	736
0	2228
0	1013
2	938
20	0
6	1
32	2465
96	2465
7	644
73	7513
74	0
0	0
0	0
55	0
70	0
12	186
0	187
0	0
16	2525
473	0
3	0
225	0
8195	0
14	1250
3	2948
0	2
868	0
0	0
2008	11077
5	0
0	0
2	0
0	0
0	0
408	1460
2262	64
4	2172
0	2150
2	2145
0	2154
1	282
366	282
1446	44
2	0
3045	2
0	58
14	108
7	16
1	106
3	18
0	0
0	83
11	0
0	0
8	3210
0	0
1	2415
324	0
2	0
0	0
144	3296
11	2539
0	0
0	0
2	292
2	293
3	1372
1	1365
5	1369
0	1362
0	0
614	0
35	9
14	4
3	1
0	0
87	936
15	932
82	0
81	3275
0	0
0	0
0	0
0	0
0	0
0	0
0	1
0	1
0	1
0	3
11	0
1	0
421	0
0	0
0	0
0	0
0	1203
0	0
0	0
0	0
0	0
167	3205
3	2447
146	15311
17	4058
13	589
3	584
2	3995
0	0
122	0
0	19
1623	0
0	0
1230	0
0	1587
0	1
0	1
0	1
0	1
0	1
0	1
17	1609
1	171
11	195
0	168
0	1300
658	7
0	1644
4	981
0	1239
0	1293
0	0
0	0
81	531
13	531
0	1389
0	0
0	1036
0	18
13	0
0	45
3	45
383	24
3333	0
7	1592
0	1163
96	1059
80	1153
2	5
82	0
578	0
0	1
0	1
0	1
0	0
66	2454
0	8
2	3
0	22
1	17
0	22
474	0
0	0
0	1
0	1
0	23
9	289
0	0
30	1601
10	1592
37	1959
3	1967
1	1958
7	1945
12	259
0	1
4	123
0	253
1	0
0	236
872	0
0	5
3	608
5	12
4724	56
0	0
19	205
343	5668
7	4
319	5663
1	181
168	20
44	14
560	0
0	449
0	417
0	0
0	0
17793	312
291	0
606	0
3	0
0	0
16	1538
7	209
0	0
431	0
0	0
4	53
9	0
57	0
4	1119
10	2096
5	1591
1135	0
9	3941
0	0
3912	1
1118	0
14	1954
0	2227
0	24
1	24
213	0
1	0
1135	10350
796	10350
179	890
2	0
26	1380
0	3
0	1118
16	1113
4	1111
34	980
0	0
1	1119
7	235
3	429
0	346
1	515
5	3828
4	1413
10	1156
83	0
67	115
738	0
1521	42
4088	0
1899	0
257	0
12	1883
1	3794
377	0
0	10
0	10
8	3219
2	56
0	56
0	43
0	56
0	7
0	5
10	858
1068	902
0	0
0	0
0	0
2	2496
3648	3
0	0
333	1585
2043	0
2	20
621	832
25	557
4	3847
40	953
7702	6100
62	3414
1	3127
0	3130
27	7207
3	606
93	152
0	2832
125	607
35	5
234	0
2	168
5	1863
10	0
0	0
4	1
0	0
1380	0
13	1554
911	4
0	0
1	0
59	1472
0	2
0	0
0	0
617	203
16	322
0	6015
2	783
27	5686
0	0
34	993
1	64
1	53
1	44
6350	0
1963	0
4	78
2	183
0	181
0	38
14	0
178	1691
0	42
0	0
367	0
0	883
54	932
7	887
8	917
4	910
7	909
0	873
3	860
0	0
0	0
9	368
26	2037
4644	0
0	0
21	0
58	0
11	0
0	0
9	458
0	0
21	1007
0	0
46	9572
3	9536
13	9537
395	2600
115	2600
0	0
0	0
152	2485
160	0
481	2684
0	0
0	0
0	0
3	2
0	0
4	5005
1415	2
0	1578
0	1219
0	1091
0	128
778	5090
15	387
4	386
175	0
0	0
0	0
0	0
0	7482
0	0
0	0
51	0
0	379
0	2108
0	67
0	58
5	46
0	130
0	125
3	21
0	0
1	0
0	1
0	1
60	3327
1957	0
2	2351
4	677
0	7555
2	250
135	676
25	0
7	3
102	41
328	23
36	0
0	0
0	0
691	0
0	0
530	5674
0	5638
0	5921
0	5880
24	5629
0	6277
0	6101
0	6365
0	6767
0	1053
0	4987
45	993
11	886
0	1345
0	1609
0	2010
1	4246
2	0
488	836
433	0
0	0
15	262
5	491
30	5634
0	0
0	0
0	0
6	26
3	181
0	182
0	77
3615	0
0	18
937	6715
0	0
6	439
0	388
1	0
0	9
0	0
15	599
40	1946
6958	0
0	0
0	0
31	1895
7	1895
124	0
0	28
0	29
0	28
0	29
0	28
0	25
0	720
636	0
0	0
0	0
216	4660
0	0
56	0
391	0
5	2
193	66
0	35
0	33
1386	1
0	1255
7	1168
14	1159
2	1160
0	569
0	424
0	395
2	373
4	361
3148	0
16	856
0	0
58	0
0	3
20	72
8	72
0	0
3	198
180	302
0	0
0	0
0	1
0	1
13	4082
0	0
0	0
13	1210
6	1269
0	1097
2	1
563	414
3125	3602
738	1
806	118
19	2434
7	1146
5	1156
92	30
4605	717
391	0
5328	0
74	5400
0	0
3763	0
9	0
145	25
0	6
4	388
0	11
0	0
0	0
607	12698
1720	11744
1	9839
51	8922
37	708
48	549
3	549
0	0
724	11
69	670
2666	94
1	0
2	315
9	278
13	278
1	0
0	0
19	2870
131	3
0	0
0	2815
0	0
282	0
14	851
138	851
6	823
1	852
9	827
7	2870
19	5
4	2869
2623	1
0	5752
7	5468
49	5449
0	6057
3443	0
0	17
2041	0
0	0
0	0
0	0
0	0
2	599
0	105
2	103
1	103
0	0
6	89
3	32
0	0
14	2676
5	615
0	103
5	92
3	77
0	0
59	0
1	0
0	0
0	0
0	0
4	2340
0	2405
8	2344
112	369
0	0
0	0
0	0
3	0
0	1001
0	0
26	800
42	0
12	0
3	0
0	0
0	0
0	0
0	0
9	0
1	275
3028	0
0	0
10	509
1	967
5	10
2348	0
0	15
0	2107
0	15
2	796
3	796
0	0
0	0
0	0
0	34
0	15
0	0
1	0
714	4
621	0
0	0
0	0
0	0
0	0
0	0
0	0
2572	66
235	762
5	762
0	0
0	0
0	813
6	693
2	803
3	689
3	691
5	779
2	764
0	0
12	1001
736	0
4	2501
0	0
0	0
0	0
191	1
0	0
0	0
0	882
4	1534
1	0
1	0
31	0
1	7
0	0
0	0
14	2034
58	1938
52	0
1	2288
20	804
1	372
3	312
22	801
6	2051
6633	0
0	1
0	1
0	0
1	0
0	0
3604	4
4205	4
2832	0
84	3133
15	3032
34	2943
6	3
15	0
6	96
0	0
6	1361
483	5368
26	5368
5	0
46	15
4495	0
1496	255
5530	0
6	2458
0	1
2188	0
0	1189
0	3
2	0
2357	0
2319	0
542	0
39	0
96	0
218	0
0	0
0	51
2	0
0	0
0	48
43	906
0	0
8	1
0	0
0	0
3892	7404
63	4397
58	4114
10	220
2	217
6	18740
141	0
46	1709
42	1705
0	0
652	27
0	0
301	112
3	103
144	13254
1	27
0	0
8	2188
40	2108
21	1820
64	599
1	595
145	7
0	0
0	0
0	1
0	7
1	308
0	0
0	0
0	0
0	0
19	90
3	16
1218	0
0	1299
7	1109
1	524
0	0
0	26
2	3
0	2
0	2
48	2
1	0
0	2350
0	0
0	0
19	2274
0	0
57	1531
3	1531
4	0
0	0
0	0
0	0
5	4038
12	3948
5	185
16	341
0	0
0	0
1	0
0	0
1554	209
0	0
0	0
0	0
6	1
1	0
2	39
0	0
0	0
0	0
0	0
0	1
78	1376
0	0
407	83
81	0
44	0
14	0
266	0
91	1
0	0
3	0
0	0
0	0
0	0
1	0
0	0
0	2
0	0
1	0
137	75
0	0
1294	1
43	2975
232	2975
655	0
21	1699
0	0
0	0
1	0
791	0
186	890
74	0
1	0
6	0
0	0
0	2377
2	0
1	0
0	0
0	0
0	0
197	412
9	0
27	3220
2	1165
0	0
3609	54
1	1130
0	0
0	0
2	0
0	0
0	1
6	1333
0	0
7	1720
0	367
127	28039
0	0
4	10
5	10
0	0
291	0
0	0
0	0
0	0
3	2492
6	0
2	2492
6	0
0	0
1	2230
134	1199
0	13
0	1
0	1089
0	1204
0	2
0	1269
1	883
0	5139
0	0
3139	0
0	0
32	1384
4149	303
0	626
1	998
1	381
1	1092
114	5439
2	13
28	730
0	0
0	0
0	0
0	0
0	3
0	0
1	2354
0	0
0	0
0	0
0	0
0	0
5	1566
0	0
0	0
0	0
0	4
0	0
0	0
0	0
13	373
0	0
20	358
79	7
28	567
0	716
33	95
1	0
691	6
0	0
3	163
95	11
57	983
2	0
1063	0
0	764
0	0
30	758
0	0
1	745
0	0
3	0
0	0
2	598
1	0
2	0
72	219
4	4
0	0
0	0
0	0
64	0
2	0
0	0
9190	0
450	223
0	0
0	0
329	4
0	0
61	42
0	0
6	0
1	0
7	700
0	0
0	0
1	0
1	80
1	561
0	0
0	0
0	0
0	0
3	0
23	2685
0	5201
615	2170
0	0
36	1270
5	0
27	0
0	744
0	582
0	0
0	564
5	2
0	0
2	1250
0	0
0	0
25	16
1012	61
0	0
0	0
17	0
0	0
0	0
39	675
6013	0
0	0
0	0
0	1309
30	1309
111	692
0	0
3	1230
1	0
27	0
23	402
0	0
0	0
0	0
0	0
0	0
2	0
0	0
0	1
0	0
209	0
0	0
1	2
0	0
94	0
3200	0
154	0
0	1
0	0
90	0
5	61
29	55
0	0
0	0
3440	0
0	0
2	0
0	0
0	1
2	18
10	2186
1	2281
386	4
0	0
120	2277
21	2188
2	2042
0	0
0	1234
11	0
43	0
0	0
0	0
19	1860
0	0
0	1
1496	130
17	2935
0	0
0	23
0	0
0	0
0	0
9	67
0	0
0	0
0	0
0	0
0	0
0	0
0	0
1	0
9	13
0	0
0	0
0	0
0	0
0	0
0	0
0	0
39	0
0	0
0	0
0	0
9	0
0	0
0	0
0	0
0	0
0	0
0	0
0	0
0	0
0	0
0	0
0	0
0	0
0	0
0	0
0	0
0	0
0	565
5	2069
0	10
0	0
0	0
0	35
0	71
1	0
28	303
1	108
310	5251
5	7009
4	4900
5	1266
1	1281
0	0
8	0
31	69
33	2438
26	3424
112	3426
0	0
34	103
17	110
47	0
0	186
328	0
3482	0
422	0
8	0
810	0
0	398
0	0
1343	0
11	1560
881	0
31	329
2362	1
4	0
14	0
188	1170
18	1725
1	112
699	1640
44	835
40	1560
928	0
0	46
10	171
0	23
0	21
20	0
1	33
1	70
1205	0
0	417
2	362
1	63
4	65
0	66
2	0
0	265
2	198
16	31
0	31
0	0
0	0
0	0
395	18
1866	2
2	8
0	8
0	0
9	0
1	533
0	533
11	518
9	530
1	24
59	3098
0	0
167	3729
178	3729
1	136
0	2306
123	2146
13	2112
10	2057
8	2014
2	6286
15	4899
0	1842
5	1740
0	1911
0	1900
0	1943
0	1913
0	1974
0	1722
0	1357
0	1841
0	1420
0	7596
4197	0
0	1
0	1
0	1
0	1
0	0
1061	11
0	0
14	0
0	0
3110	0
105	2010
0	1485
0	1
0	1
3	152
2	152
0	151
2	152
0	8
2	8
0	8
0	364
6	346
5	333
7	240
0	146
10	2645
1	2502
0	6771
6	6430
4	6769
2985	0
6	794
54	0
5	494
6	492
0	450
3	156
0	156
0	162
0	2
0	1
5	1683
0	0
1	0
1	0
0	0
0	0
0	3
0	0
503	0
256	0
7	984
0	269
0	29
0	29
0	29
2	1197
0	187
0	178
5	164
0	159
0	181
0	109
1	363
9	363
8	654
1357	768
1115	0
2	7234
10	7487
14	7440
0	0
124	327
15	725
2	729
26	13655
3	13580
5	13602
0	254
5	1
0	0
15	0
0	0
0	301
3	709
3	709
16	1296
0	0
0	0
4	0
3	0
1254	0
1	0
6	27
5591	0
1	27
0	1
0	17
0	17
4	1065
5	414
0	2
11	893
2	872
165	47
1213	21
1	0
1	1
1	7
2	2869
2	2690
8	2763
0	2863
4	2819
4	2873
0	2933
0	3015
890	0
0	0
0	1
0	0
7	0
4	711
7	1208
11	913
7197	170
0	33
0	33
2	12
5	502
0	0
55	0
56	4417
4	4327
3	4321
1222	0
1981	0
27	7035
345	7460
914	7461
75	6125
0	1
884	0
14	1486
3	1119
0	892
75	287
0	1
0	1
0	1
0	192
0	0
2	0
0	94
0	889
2	94
18	1388
9	1219
14	1250
39	1184
0	856
0	0
0	0
0	881
0	923
1207	0
0	887
0	322
0	318
0	300
1	277
0	89
1	309
7	646
0	917
31	503
0	146
8249	0
0	864
1306	0
1	2940
0	847
22	3574
0	0
18	509
3	1844
17	6148
691	0
112	0
0	909
13	27
110	1529
1	27
0	1529
0	527
3	527
0	0
0	0
0	13
1	910
5	857
3	259
0	166
0	120
0	2
2	0
5	94
0	0
0	0
510	0
9	0
3	863
1	1029
4	995
2	192
4049	0
1	2274
10	2549
5	0
152	890
315	7
860	904
9	881
11	1378
0	915
3	369
1	367
0	28
0	18
0	28
0	0
2352	0
69	0
376	413
7405	2
14	0
46	771
2	182
7	264
3	268
2	264
17	262
0	264
0	259
1	252
0	254
1	239
0	0
0	0
0	0
0	0
20	1348
0	5840
21	5571
269	4350
0	3
92	356
18	301
0	619
0	738
1627	675
0	730
0	0
0	0
0	0
25	5942
0	218
2	1339
0	453
4	459
2	453
0	449
1	453
5	451
0	454
4	466
20	0
0	0
0	0
0	0
611	0
0	0
0	0
0	0
1	0
5817	0
1	0
0	0
0	0
29	679
16	553
9	580
0	0
8	634
0	0
0	5
0	5
0	5
0	6
0	5
0	5
0	6
7	1308
2	1197
3	1243
4766	0
188	781
134	781
1	1476
6	2239
0	0
0	0
0	9
10	5603
1	855
2	262
39	987
11	546
0	855
0	0
8	908
0	457
6	2522
2639	65
0	36
1	36
0	0
0	0
0	0
0	0
3	733
5	673
490	0
0	734
934	0
0	949
5	779
0	20
79	1407
16	3282
21	15156
1	0
0	728
0	0
0	0
0	0
0	0
242	0
1542	3
0	860
0	859
0	859
1	1748
45	1754
2	1751
2	1
2	0
16	0
1417	0
3538	0
4	0
144	0
29	0
3	960
97	2124
0	0
0	0
2	1823
0	1865
0	266
0	264
0	270
0	262
0	265
0	266
0	269
1	170
5	170
0	243
8	246
10	3580
5	383
0	443
3	431
2	513
0	377
3	311
537	0
151	11340
22	179
15	179
6	0
12	1
0	430
0	409
2	1278
490	0
3178	0
1	225
282	6717
3	1090
51	13003
0	0
0	1766
0	1503
1	1406
0	916
0	916
401	905
3	879
5	50
0	2043
292	5121
9	325
11	787
900	8703
1	0
68	966
6	1186
16	941
8	774
34	624
2	18
1	18
1015	468
2	522
21	424
2	422
226	1720
50	1720
41	6491
0	0
0	0
0	0
84	0
1	1293
2	1
1591	16277
25	16277
14	725
29	2496
4623	0
0	2244
2153	6
1	22
0	20
1702	0
8	0
6670	0
1	533
26	518
9	469
1	2872
5	2752
0	139
9	257
19	257
5	210
0	210
1	226
5	235
72	130
0	125
0	121
2	127
0	124
0	115
0	209
83	8610
37	7860
2446	0
0	0
0	321
26	283
2	283
4	392
0	314
4	196
9	252
1	423
3	1635
2	1628
4	1637
63	3669
11	3667
2	8
0	0
29	0
3	62
0	54
0	1299
4	1225
6	1263
3	1225
0	1296
7	1247
4	161
5	122
2	480
1	277
66	6394
20	0
2392	22194
111	2320
216	11
0	4
8	0
4907	0
6	0
1	48
0	44
1	25
9	1306
4	4215
21	3685
347	4166
0	3609
0	3196
8	3241
0	1333
0	748
1	753
2	747
4	745
0	749
3	766
3	736
10	735
0	747
0	748
0	778
2	779
1	638
1	776
60	630
4	641
0	2497
1	2546
124	2479
0	5
1	5
0	2
1051	0
9	227
0	9
0	198
14628	0
3016	0
12	137
290	0
417	0
2	0
0	208
4	236
0	210
2512	0
208	600
13	600
0	38
1	8
0	3204
24	3277
3	3290
0	3138
1	2970
41	608
25	0
68	1748
156	881
9	0
12	6
1	0
171	0
0	0
50	542
37	545
54	2864
192	2864
3	1098
0	21
0	17
1	18
0	14
0	6644
24	6584
1313	0
0	55
0	54
1	54
0	54
0	41
1	48
0	50
0	46
0	46
0	42
877	0
0	409
5	131
4	431
6	1437
0	1371
0	1371
10	0
105	0
3609	0
0	4
0	2781
25	2707
358	2741
22	2548
3413	4245
23	4245
6	78
5	1867
0	0
0	103
2	129
0	62
0	62
23	427
3	358
0	791
0	805
28	826
0	825
0	801
0	0
3	0
0	0
38930	0
4	2
0	1
0	1
0	1
5	3775
15	3716
17	3393
1	388
0	387
0	0
0	0
0	0
0	0
1	0
3	0
0	408
2	348
0	640
0	611
2	608
0	542
0	0
0	0
0	0
0	0
0	0
0	0
338	0
0	0
0	1216
2	1143
42	1053
8	400
16	396
23	386
0	0
9	2092
50	1985
122	2291
0	1
0	1
47	262
20	132
284	0
586	2
0	0
0	0
29	2071
14	1942
216	51
790	0
47	1722
10	388
10	0
0	9
11	0
4	1425
6	833
36	741
16	1081
1	1069
31	1081
2	1076
0	1070
0	2099
34	2154
6245	0
77	203
1	203
147	0
0	1687
11	970
17	1501
11	671
792	0
4	1010
2	735
0	526
1876	0
3	55
138	71
19	1123
0	753
9	2936
2	2908
3	2992
0	1
4	0
236	4840
11	4638
3	1628
2	9
2	1454
411	1454
2	1370
0	1983
73	647
0	647
0	647
460	1283
42	11
4	21
0	21
3	1261
12	82
0	82
0	0
6287	0
1511	0
0	5644
0	4021
120	3744
0	0
2043	515
167	685
0	85
14	77
15	960
16	962
6	927
9	2498
2	0
1443	0
0	4652
0	4672
0	4448
0	4474
8	4562
4	0
6	1960
207	1957
209	3872
51	3872
12	90
2227	3
0	0
0	0
0	0
4	561
26	617
10	615
4	554
1	656
5	214
3556	0
482	0
12	56
0	56
0	150
10	147
23	1871
2	10
3	132
0	620
6	547
32	609
22	609
12	0
0	3174
654	8009
16	285
255	1459
2	1120
0	1114
1417	0
0	0
0	0
134	1598
0	2037
0	63
0	4
0	2
29	6154
78	1409
15	1392
0	4188
0	16
0	17
0	17
0	16
0	2704
0	2
0	2
34	2603
0	0
0	0
0	4206
0	2
13	4230
3	0
14	0
0	4330
0	2740
1	2643
15	0
1	4291
0	344
0	2701
0	1448
0	0
9	0
688	67177
8097	85133
17	72823
0	7
0	48
0	48
0	48
77	318
10	4087
0	1
0	846
206	4087
10	362
26	3908
243	1350
0	3972
5	3617
0	3949
12	2833
0	2759
0	0
0	0
198	0
123	0
0	0
0	2
1312	1442
2761	0
5116	5029
17	2037
2759	211
12472	0
3604	0
339	0
664	0
20	5071
5	1574
6	4982
1	2180
511	0
0	4962
42	8120
3515	2
1245	1
807	0
3254	0
3	82
23	637
7	74
21	2458
0	0
1	4021
2	3337
7646	0
0	0
0	0
0	0
0	0
712	0
97	735
0	2790
1	2706
3	819
3	743
11	563
53	1902
2	1392
6	1392
1	607
4	567
0	0
983	0
72	7691
37	663
1	665
0	517
9	426
21	2979
9	2164
38	0
13661	0
1533	0
795	0
13	1
2	0
514	0
20	0
1310	0
2209	0
64	0
2961	0
1500	0
0	947
2	945
0	348
0	352
0	112
8	593
9489	0
1122	0
126	0
6	0
5	1727
7	405
1	226
2	426
0	1171
20	1167
0	1156
3	1126
10	1091
10	1115
15	1121
24	1086
14	1110
0	1322
29	509
1164	0
109	2039
190	2039
1324	236
2890	12878
1851	12878
0	0
9	75
0	75
0	0
2876	0
0	64
0	62
2	23
0	10
2	63
0	0
0	123
0	117
2	47
1762	0
90	2335
2264	0
0	5732
0	5887
0	5661
0	5786
0	5668
0	5793
6	5675
26	5705
3	5592
4	5654
0	5591
11	447
1	417
5	392
46	2344
18	2344
768	0
0	490
9	1256
7	678
9	631
126	122908
0	4
176	868
14	4676
27	3978
5	999
77	1024
0	4
1	526
8840	0
14	315
0	4319
0	4337
7	4251
0	4154
0	2
0	2
2128	0
0	2
3	178
0	240
0	0
1	741
0	0
1	749
0	0
1	741
2809	0
0	631
2807	10
1	0
3809	0
0	1138
0	1140
0	1124
0	16
15748	0
5	1
2641	0
0	29
0	31
3	30
0	30
0	0
8	794
29	794
2	732
20	26932
0	2714
796	0
0	576
2	542
5	1236
0	1075
0	0
0	0
1	168
3	168
6	166
0	896
2	43
0	40
0	2
0	0
0	39
1	0
16	2149
2	2966
6	2966
4	2966
0	2966
0	3033
0	2999
0	2988
0	3040
0	2995
38	182
284	768
327	768
94	1930
41	1786
1	1430
43	1477
0	1377
0	1378
6	1372
0	0
447	0
1046	0
0	2392
2	2342
6	2280
0	1587
5	1579
0	1550
19	1576
18	1584
0	1404
0	0
4168	17
0	355
2	355
31	567
0	355
2	355
0	355
0	355
0	355
101	0
4933	0
704	0
2634	0
7954	0
0	0
5	245
264	1626
7	795
9	677
9	306
0	4413
0	0
2	316
8	0
974	0
4	162
1223	0
860	0
0	336
8	354
0	337
1	342
5	0
0	0
0	0
8487	0
1703	0
0	0
1	0
350	0
2257	0
476	1586
0	1339
7	1206
4	1194
11	1334
4	1338
0	4
0	4
7	0
455	0
220	2332
51	2332
0	77
0	61
0	76
0	76
3	61
0	107
5	2760
0	0
0	321
0	321
21	340
0	3
39	3262
33	2954
0	0
0	1122
1	205
1	205
2	205
8	584
0	205
0	0
69	2976
1	1070
2	78
2	66
0	0
1795	0
38	8315
2	0
1447	0
87	53
0	0
0	0
0	0
0	0
0	0
84	0
0	1
9	1430
3	466
3054	3416
11	1430
11	1541
2	858
1	1432
1	746
1	746
15	0
0	1430
22	2965
0	1435
16011	0
0	1406
10	1086
51	3019
3	1398
22	1570
84	4119
6	3379
5	5038
2361	0
10	0
114	3990
89	5454
11	2353
36	2058
14	2149
0	1403
7	1285
27	0
1	904
0	1069
2	1066
11	1043
583	1933
0	0
5	12652
1633	2
0	0
0	0
0	176
0	176
1	156
27	459
11	164
13	159
0	2636
3	1320
0	2627
13	2633
499	1
0	3
0	2555
5038	0
8	0
781	0
287	4242
1	0
2397	0
37	0
0	0
7	6524
0	81
2	81
0	81
0	81
0	14
1	13
0	16
0	15
0	13
0	5
8	3242
43	21133
15	19606
0	3934
0	4374
0	4159
19	3942
57	3989
2	3971
5	3918
287	3645
8	2963
0	2513
0	2910
20	3304
15	3282
0	1585
3	1168
0	503
15	412
7	3431
0	3331
0	0
2	1080
3	1077
24	0
14	365
12	315
9	6217
15	6217
6	6219
1341	6214
72	2348
0	104
126	511
1	531
4	521
4	519
50	431
3	1940
5	1919
0	1881
0	98
0	400
21	200
0	4
43	5793
3	5793
0	0
2	13
1	13
0	826
0	826
1505	0
1586	0
315	0
0	0
0	7618
12	7611
6	2538
100	1322
93	1322
2	0
0	538
15	538
0	0
720	0
9	35
8	1312
6	1312
395	1357
36	1313
242	1355
57	0
6	7
0	2133
0	2482
0	2480
0	2835
0	2793
0	2733
0	0
0	0
14	0
0	0
0	0
6	850
3	8938
0	8471
8	2340
5	746
47	332
6	3875
3693	0
0	0
0	3
5	848
33	872
16	890
0	1
0	1
19	1326
6	1626
0	33
4	24
0	12
0	12
0	12
0	1
0	1
241	2
83	3
868	0
16	1947
0	1947
1	1947
0	3522
0	3525
0	3112
19	0
1261	0
0	57
63	1608
15	1265
0	53
4	39
1	39
15	88
0	70
2	641
3845	0
0	0
1	1365
10	1337
172	1246
0	1432
1	678
7	4046
272	0
1	0
16	0
1	709
0	3028
0	1576
258	1506
2721	0
110	2503
7	2503
771	0
56	1887
7	1850
4	825
0	8
0	8
0	7
0	0
0	0
2996	0
1844	744
0	4604
0	4142
1	4643
0	3845
77	22776
2	257
1018	231
0	0
0	0
9	1343
39	3335
9	3186
5	3057
4	468
1	468
3	2
690	0
144	147
75	1885
0	1028
18	1026
80	1025
29	983
7	0
3	184
3	914
0	0
3	0
1	4061
1358	0
6	1001
0	0
0	0
18	0
537	0
0	0
4578	0
602	0
5	0
0	0
20	1201
0	669
2	0
0	0
1	0
42	0
3	599
3	531
0	498
0	1034
0	1034
0	1025
0	1025
16	10263
42	5178
20	1440
0	14094
24	13967
4	13967
0	13904
0	13929
20	13917
0	14286
14	13918
28	13637
0	13707
42	13767
1	13855
11	13276
0	13385
0	2
0	2
1	7704
0	2
0	2
0	2
0	2
0	2
0	2
12	7297
6	7291
0	0
0	0
0	0
35	39
23	3213
121	2679
1	6
0	6
0	6
0	2
0	0
0	19
0	2
0	2
0	2
3	4
0	0
0	111
0	0
2	71
0	0
0	0
0	0
0	0
0	0
0	0
0	1393
0	1400
1242	0
7	254
21	1318
0	1188
4	1274
7	1298
1	1235
7	1128
146	1293
2	0
2	3192
1	93
4	1584
28	1553
18	1535
32	1554
2	21
16	790
611	1
1561	0
0	60
1227	959
1	855
321	14664
58	88
26	1253
8	733
847	0
906	0
10	229
4	2
0	1337
94	1120
360	1281
168	1362
1	1335
102	4
0	22
4434	0
30	590
22	556
605	34
0	2715
17	2696
4	552
2288	908
12	805
19	276
0	2
4292	0
316	5342
1	1278
39	646
0	3322
8	552
1	303
20	2005
5	5050
0	337
0	425
0	329
0	314
0	398
0	2066
3	2028
1	2029
3	2028
2	1989
49	0
0	0
2726	0
31	750
6	992
6	2714
4	0
0	0
0	15
5	15
0	10
542	460
3	416
13	339
4785	0
0	150
2	19
4	637
1201	0
4647	0
0	2
13	228
2	228
1	215
1	4
0	4
0	4
2902	0
30	4632
0	2385
2	2415
0	2325
0	2512
989	0
9	1768
18	1887
0	1459
0	0
0	0
13	0
4793	0
0	2216
0	2200
16	2197
17	2168
6	2161
12	2123
0	2178
0	2110
0	2094
0	2056
3	164
98	1518
12	1375
82	1457
33	1394
23	1392
1	1347
6	1340
1	1281
2	1331
17	595
294	0
0	541
0	550
0	522
2411	665
0	0
0	0
0	0
0	0
0	0
0	0
0	0
0	1
12989	0
3484	0
12	7727
14	7727
29	7128
0	1
0	0
0	0
1309	18
5	0
5	44
7	829
5	831
5	0
19033	0
127	0
0	0
5	472
0	361
3883	3250
28	3250
143	0
1025	0
40	0
8	32
0	0
0	0
0	0
0	0
0	0
0	0
0	0
0	0
0	159
124	157
139	153
37	5457
14	1054
9	966
0	5169
14	5169
53	8267
9	335
4	0
1884	0
0	23
32	22
1738	0
0	710
24	580
0	6771
0	6602
29	6718
0	715
2161	0
3	0
2	497
0	6
0	0
0	0
0	0
780	0
1	2624
1	2542
9	2749
0	1102
28	1041
6	1055
3	393
1219	0
3303	0
3346	0
0	619
0	693
1	479
5	478
495	0
0	2
32	6265
14	4321
3008	95
121	8839
0	101
1	100
0	101
912	1545
2	201
2	191
3	201
2	184
0	184
2	89
0	89
0	96
0	89
0	89
0	0
1	2820
1	2741
2	2778
8	2744
1	2682
1	2658
2	2685
20	933
0	746
88	688
1	690
11207	0
1	0
769	4
2070	0
99	2484
1	469
0	0
0	30
0	30
0	30
0	30
0	30
0	0
0	0
0	0
0	0
450	0
4520	3
75	0
31	0
5	0
0	0
0	0
3699	0
10	531
0	1420
16	1249
11274	0
754	730
0	730
2	0
3	355
0	355
0	355
11	2166
15	2170
5	2170
0	2166
14	1670
1	2149
0	1
263	0
0	0
6	98
2	93
1112	0
5	0
5	691
8	0
10	826
6132	0
0	0
1162	1
8	1201
14	3420
2046	0
11	106
2	91
9	1038
245	0
0	2
5946	0
0	1347
988	0
12	1442
7110	0
44	1283
264	0
1246	0
3	0
9	1228
328	0
264	4749
0	0
0	0
0	145
0	488
0	490
0	485
0	482
1	487
0	462
19	488
2	482
1	439
0	485
1	101
16	42
888	1
24	917
7	956
36	819
0	819
1	2
0	2
1	1014
0	34
3	299
6	14
0	1896
1	50
0	0
15	2111
2	0
0	2111
3308	0
0	2111
7	591
11422	0
266	0
708	0
0	1028
4	984
0	593
12	533
1	543
0	0
0	0
2	1374
1	1338
0	3198
8	307
1	0
174	1248
23	1248
0	378
3	378
0	35
1	0
0	1579
19	1569
0	1550
6	1517
0	1533
7	1505
0	0
40	0
21	0
2161	0
0	18
14	0
0	522
6	481
58	6052
4	114
5	140
4	3139
4	3104
6	3103
57	0
300	5657
385	5657
1	3699
3	3362
27	3351
2	1083
0	15
47	5545
3	7662
37	7705
4	7767
64	8067
537	7768
11	7724
6	0
0	0
15	2059
5022	0
2589	0
2	0
0	0
0	0
0	0
0	0
0	359
0	357
0	334
5	874
0	881
4	76
6	1752
398	18176
1	146
2859	0
5	108
49	558
5	472
4	509
1	470
1	496
9	3138
0	5
782	0
1498	0
4	487
1	1
285	15402
1	15402
12017	0
0	1
0	255
0	353
12	348
3	321
22	318
2	341
0	287
0	321
0	332
0	312
0	0
0	0
0	0
2799	0
0	0
9	0
7	0
1	180
0	180
1	5430
73	6100
2	3157
311	3143
1677	0
0	72
0	8
2	211
6	210
1	205
1456	0
1	111
5	39
0	0
0	0
0	0
1950	0
2	39
0	1
0	1
1	39
6	530
43	3504
46	2674
44	2741
2106	2374
49	2374
3674	0
3122	0
1	737
0	0
120	4189
74	4189
44	2332
205	2331
0	0
0	718
0	751
0	703
0	742
0	775
0	727
2	728
0	0
0	82
6661	0
0	0
0	0
0	4649
0	4446
0	4347
3	3729
1	3635
8	3595
1	3503
0	1831
2	1826
0	1822
1	112
0	0
1366	0
64	2213
3	33
52	2184
39	0
262	3128
79	4299
0	0
2204	0
0	114
0	139
0	109
4	465
0	465
0	442
0	437
0	429
333	1959
42	1959
3	0
3	404
619	0
8	930
4037	2
1	900
5	900
0	184
0	46
3	45
0	45
0	20
12	129
8	415
0	637
108	11068
0	1077
23	31
225	9393
715	0
1	21
679	8860
5	1794
0	1743
0	1841
0	1841
0	1817
0	1915
0	1875
0	1781
0	1889
0	0
143	4115
11	385
1675	0
994	0
515	2
14	0
10	2541
18	2502
6	2490
18720	0
2	733
0	78
0	80
0	2735
0	72
0	74
0	71
0	82
1	2716
32	306
3	2691
485	612
125	627
45	10383
1	1356
225	116
1	1121
14	716
0	3428
7	3285
204	7327
0	224
0	7118
12	7085
0	7687
14	673
2	664
0	598
63	22
34	9059
0	2254
11	4059
989	2518
15	496
15	3058
180	652
2	453
11	0
387	23116
650	3372
166	3367
153	3451
21	3362
1282	157
20	0
36	0
0	1
0	0
0	0
0	0
12	523
11	523
3	5
85	60943
1	61385
12	60951
0	60984
12	60649
0	61096
0	4633
1553	0
16	170
20	64
0	1066
62	4533
87	4323
828	0
32	5118
240	6543
1	532
4	480
2	126
0	4745
1	4721
0	4693
20	4620
0	4869
0	4707
0	4779
0	4742
309	2415
5	53
45	419
0	37
0	59
0	38
0	59
1	16
0	0
11	1589
516	0
0	13
1	54
0	57
1	57
3	57
0	78
14	19
248	159
4	123
17	3
82	4
10	2463
7	1198
1576	0
154	3197
1	1543
9	1515
3336	93
2	870
2	6
0	6
12033	0
0	0
11	1078
7459	0
0	0
0	0
0	1
0	0
0	0
0	5
1	2103
164	1227
1	1227
5	1127
86	4827
4	4842
0	3
0	0
23	0
0	0
9	2004
1	2010
3	1802
0	0
598	0
0	696
6	735
0	0
19	1
3896	33
0	2027
64	2003
1	1884
14	1832
26	6076
0	49
2	49
0	49
0	52
0	47
97	5319
1	0
7	0
1	14
0	0
8	3678
143	740
1	9
0	742
4	724
499	2634
41	2634
4706	2
1	10379
0	201
427	3739
9	53
0	212
4	249
0	235
1	210
0	232
0	235
28	857
1706	0
0	6
3546	0
346	3502
9206	0
4	315
0	0
0	0
943	0
1119	0
0	0
0	314
3	0
13	314
293	10936
1	315
3492	0
0	0
1455	0
0	5
0	5
0	0
9	0
1133	0
0	5
4	533
0	0
0	4
0	0
0	0
0	0
0	0
0	0
0	0
0	0
0	0
0	0
0	0
0	0
0	0
1951	0
1555	0
5	1018
0	31
635	0
0	0
2	1300
5	1232
3	54
1	94
0	92
5	92
0	149
0	149
0	317
0	315
0	315
0	0
2	6507
0	134
0	8943
6	0
12	0
211	8943
5	241
10	290
47	18
38	2649
35	2634
29	2633
113	2621
3566	0
0	8
84	585
14	455
0	53
0	51
2	45
1	0
9	1754
37	1337
0	1347
1271	3
2	19
0	0
0	0
0	0
14	921
1	921
0	655
24	7383
39	7335
0	6470
10923	0
0	0
0	354
0	350
0	343
0	350
2	347
1	347
0	343
1	328
1	340
0	343
1	342
0	330
0	330
0	336
0	329
0	324
0	324
0	319
0	343
215	2160
1	0
7	1421
2	1430
11	1429
11	1133
384	7
0	43
1	25
1	0
4	227
18	3935
28	3935
278	0
2575	16698
4	0
0	0
2	1
9	21
1	0
1682	0
0	17
1	201
13	2
9	0
0	617
0	0
56	177
31	507
29	506
0	0
0	0
1066	45
142	1154
34	1040
0	0
4	1651
2	331
2674	0
0	0
2222	0
10	676
17	381
23	3050
48	547
365	3050
1	3280
5871	0
17	1467
126	1529
58	1505
0	966
0	965
0	976
11	959
1	906
18	2140
96	734
1166	0
132	620
3	558
0	0
65	0
94	8549
10	642
118	4040
4	4040
60	2366
0	2368
16	2359
4	2136
19	772
0	7378
13	6886
221	6831
0	0
2	0
0	19
9	0
0	0
0	0
3	13
4	13
5	828
28	1650
0	1
0	1
1734	17274
3	831
7	2999
3	780
16	3076
11	882
84	2
224	0
1285	568
0	0
308	0
0	0
0	0
5659	0
0	918
698	2137
13	2137
10	8
1	8
0	0
0	0
0	0
0	0
0	0
0	0
6	715
47	624
5	886
18	1012
7056	396
0	46
2	39
0	39
0	2806
0	39
0	44
0	40
0	39
0	37
0	37
0	38
3463	0
0	10
0	9
0	7
311	57
8670	0
4	1239
72	1239
131	1617
2915	0
167	2786
192	435
0	435
0	813
47	806
0	801
11	626
22	232
4	774
16	901
0	4726
1005	0
1	0
37	4832
0	58
0	58
4	62
0	56
2	753
13	732
10	735
3	732
0	722
6	3
0	3
178	1572
703	1572
80	5071
33	5072
27	5046
11	5026
75	5026
618	2
9	2510
4	0
2803	0
9	0
0	17
114	1146
67	1146
1	16
3666	0
19	565
3	1519
156	739
1327	0
6	0
6568	0
0	236
4	202
19	417
0	0
0	724
12	387
672	53
211	0
1571	0
50	2052
24	153
1	153
0	138
606	3946
92	3946
0	0
3290	0
0	962
2	712
0	0
47	16480
4	16481
274	5499
21	2037
50	1867
0	5151
0	5607
0	6540
860	0
14	4149
13	3520
32	0
24	0
659	0
30	293
671	0
15	4003
5	4003
4	1389
126	3283
6	3283
27	2709
86	3211
0	0
0	0
0	1123
0	0
0	0
77	0
29	0
16444	0
1	0
1	0
1	0
2	960
545	19
16	579
239	366
13	356
0	918
4	347
11	361
0	0
7	364
0	364
17	0
0	1070
32	1052
0	1000
8	905
56	905
15	956
6	4
2	741
48	2270
7	8352
1	8162
3	7866
5	435
0	0
1	159
6	157
11	159
12	159
6	147
1	364
0	674
5	1323
0	0
3820	0
7	0
0	0
0	0
2	93
23	95
63	382
21	93
0	195
0	207
1	207
0	207
2	207
10	2317
12	179
65	2871
7	2866
13	2863
195	2103
5	9
4	9
19	5475
17	5453
2	5454
11	5212
9	2079
7	405
3	275
1	275
5114	1
19	822
3	0
1	0
0	83
24	1034
175	1034
4	1364
6	1364
2	1326
25	1377
6	1326
20	1318
1	321
0	321
0	295
1	293
18	1482
27	406
3	354
0	276
16	1262
0	0
294	0
0	0
70	238
2058	0
13	987
1799	0
7	8401
0	8401
6	0
5	818
0	471
17	810
3	765
389	8270
102	8263
0	5
1	4759
0	594
0	14
4	1349
1	0
2	0
0	0
0	0
0	1303
10	2318
10403	0
13	340
220	0
8	0
0	0
43	339
0	0
4	339
2	2653
0	0
0	0
566	0
0	0
0	5571
1506	0
7	1406
1	25
0	25
0	25
0	25
0	25
0	25
0	25
2	11
14	169
15	1286
0	1315
3	1251
0	1149
24	99
11	392
6	435
0	351
2	361
2	357
27	755
0	2627
37	60
1	147
5756	0
66	1378
13	625
28258	0
0	0
0	0
28	5
0	0
5	614
0	7413
1	3408
209	3394
112	3291
13	2935
0	1536
36	1531
0	1520
1	626
8	1377
0	1374
8	0
0	0
4	564
0	0
9	682
0	677
2	674
0	672
0	0
0	0
0	0
0	0
0	0
0	0
46	1063
33	1054
2	0
2930	1
1	93
0	0
7	335
9	0
18	209
2244	0
19	1555
0	1269
91	25
0	0
15	1015
13	2051
8	2051
3	2111
157	2042
2	1753
4	1745
12	8206
4	555
0	0
3050	0
0	0
22	653
5137	23
10	3995
0	181
0	0
5005	0
0	0
0	0
0	3235
0	3164
0	3262
0	3126
0	3209
0	3191
0	3153
8	3178
2028	0
8	1334
3	1334
7648	0
831	0
42	224
0	2534
0	86
657	2
1	3
0	344
0	758
0	781
478	1108
10	1144
7	1143
2	40
6255	0
0	40
0	36
80	0
203	0
5	417
27	1212
68	817
0	3934
119	3754
3342	57
46	2971
61	2831
9	2188
64	649
3	0
0	289
33	220
0	556
88	292
4	568
2	202
10	115
17	214
0	1389
11	1312
7	1274
0	549
12	503
0	385
0	504
2	450
0	482
27	436
3	437
13	5875
340	3395
435	2532
0	0
9	0
36	0
3	2128
1	1734
0	1006
0	0
6	714
0	2
0	309
1006	2
47	117
0	3934
1	441
12	400
1	1
0	2341
66	2107
1	0
141	528
36	651
78	638
19	637
14	0
1609	9187
77	9826
66	10323
226	9734
5	10371
13	10408
43	593
29	9786
0	1809
15	1804
20	1792
0	774
1	693
0	1274
13	1242
0	0
0	0
38	2635
137	1217
1	285
52	1174
2	1174
6	1163
0	0
6	284
4475	20295
19	20305
1133	49
0	0
0	428
1	346
13	368
4	346
9	330
512	0
0	460
54	7552
0	286
77	3054
15	473
1	473
1	446
0	518
3162	0
6	0
0	0
0	38
754	704
0	233
0	223
14	218
3	188
34	3396
6	1047
4045	0
693	3274
15	0
217	0
35	1023
1	817
8	1165
74	1159
8	803
15	801
13	769
1	779
7307	0
387	0
0	0
5	263
1	181
0	0
0	0
0	0
343	704
2863	0
16	1024
20	1024
170	15
0	0
214	0
0	198
4	111
3	168
0	0
0	5
3739	0
0	0
0	191
1	190
0	1913
0	1914
0	1882
35	1844
24	1877
43	1879
0	1751
1	1758
0	1751
0	1883
0	3
0	0
0	21
1	0
4	34
108	355
0	355
1	31
1	31
3	30
0	1
6	1097
292	1054
16	1054
0	116
0	90
7	360
0	360
5	357
7	11
3095	0
774	0
0	348
5	348
0	348
0	885
0	865
0	850
0	919
4	835
2	841
1	628
0	11
0	11
0	11
0	11
0	11
0	11
0	11
0	11
0	11
0	0
0	0
1	11
0	11
16	0
1	0
216	0
19	0
582	0
420	9
412	0
348	0
5704	0
0	0
0	0
0	2
4	603
220	0
1	0
0	0
0	0
0	0
2256	0
0	1
0	2095
12	2013
0	1953
0	2027
0	1986
1	1617
4	1846
51	1262
1388	1
0	1330
8	1303
10	764
3417	0
20	3276
210	2373
0	0
0	177
821	581
2	558
1130	0
81	564
1315	0
2801	0
984	0
3850	0
2044	47
1	594
3862	0
0	50
7	47
0	42
1	45
3	62
0	44
1	49
8	47
0	48
11	0
2	1151
113	942
659	0
1	910
0	38
0	38
0	36
0	38
0	38
0	37
0	38
0	37
7	0
4	0
1882	1694
0	707
1	684
4	680
1	659
0	704
0	719
8	755
0	0
0	0
10	1360
9	2720
28	2720
22	1147
2	1132
0	58
0	58
2001	0
0	15
1	12
4	13
4	0
0	0
706	0
902	0
2739	0
0	1545
0	1502
80	3489
7920	0
2572	4686
11	0
4573	9
2	1327
3	1312
1	1251
0	1299
0	1246
0	0
401	0
0	1182
0	2
720	0
9	0
19	1154
0	1189
0	1370
0	1428
2	430
848	1
435	1
25	315
0	746
5	687
16	718
6	706
1	701
2	654
0	0
0	187
4	121
37	186
4	140
3	0
0	0
0	0
3256	0
0	500
0	500
3	497
1	0
221	6971
17	10
13	1228
32	2949
341	2949
0	1699
0	0
393	0
0	715
52	713
49	664
0	2351
16	90
1	92
5	7
11	449
6	1646
4	1642
6	1643
0	12
1	6
0	12
20	3200
9	3096
69	887
18	506
2	506
1	861
0	506
595	0
12	145
6517	0
14	0
1834	0
11	0
13306	0
1589	0
0	0
626	0
0	0
4139	0
1	0
0	39
7	4
10	291
5	288
2	9
0	0
1	2173
1	436
0	0
0	0
0	0
0	0
0	0
16	153
12	153
11	600
18	600
1016	0
0	0
0	0
764	1
37	6281
0	6088
20	5849
3	5190
2	5125
0	0
0	1708
10462	0
0	0
44	5808
51	629
22	345
2	366
276	13
0	626
1	39
0	0
0	0
3	514
0	0
0	0
0	666
0	699
1	259
8	259
0	62
0	60
0	60
0	89
0	87
65	4828
0	0
1	243
0	2088
39	2154
3	2073
53	2147
13	0
50	1317
2	1290
1	1281
11	1296
25	1315
3	1254
1	1268
11	1272
0	1269
0	1170
0	0
0	61
3	64
0	66
504	2895
5	2895
30	1362
74	300
8	350
9	299
3	294
12	291
1	27
90	751
1	0
14	0
56	0
0	0
0	39
0	38
23	0
425	444
0	12221
0	86
0	2
0	2
0	2
0	2
0	2
0	2
0	0
0	10773
0	0
0	0
0	0
0	23
0	19
0	19
0	834
16	784
0	782
0	11620
263	5931
19	5891
26	5431
0	0
352	0
0	2081
12	0
0	52
1	54
6	2032
1	1
2	2021
1	4995
2	5
0	2105
0	105
2	2926
0	2080
0	0
5124	0
19	10816
0	1398
7	1387
6	1382
2	1303
0	1464
1	973
0	992
0	1132
0	952
4	1286
0	1246
0	0
0	2
0	3840
4	3671
52	577
0	0
0	2381
6	1137
5	3749
0	1
22	4
0	1
4	2
0	1
0	1
0	1
0	1
3	13
1	13
27	2498
3730	9094
5	55
0	2
0	2
0	623
1	622
13	617
5	478
0	0
2014	0
697	338
291	2871
0	48
12	37
0	36
0	5
0	5
0	2058
0	2089
0	2038
2	460
1	149
5	141
0	1527
0	1525
1	1506
1	1514
0	1683
2	1084
2	1084
6	997
5	1061
0	183
0	183
1	0
8	88
77	92
4	619
13	1570
0	0
1	0
12	0
1656	0
0	106
1	105
63	890
18	6208
0	41
27	151
1	159
129	3220
3	1326
2	3028
39	3042
140	4413
2	2544
14	2033
3	3
0	255
86	284
0	253
2180	0
0	253
0	250
0	535
0	532
2	441
0	0
33	366
0	5
0	5
94	3659
1	4039
6	3755
12	4030
11	3996
48	498
2	12
7949	0
5	0
10	2555
0	61
0	61
0	48
589	434
4	567
0	539
54	657
17	527
1	530
26	6
0	0
3	1272
0	6
0	35
31	1094
7	944
1	1618
99	1491
0	3
4	2744
0	2690
0	2845
2	2839
1	1137
2754	0
1	1
316	0
14052	0
14	266
30	0
584	0
4	4538
37	0
456	140
5	66
2	66
0	66
0	64
4	64
2	64
14	1
0	0
0	0
0	0
7	0
3097	0
0	0
0	0
0	0
0	0
1	0
107	1493
2270	0
0	0
16	0
3	11480
0	0
0	0
0	2
3377	0
1	90
1	2
7	193
1	194
0	191
0	195
0	197
0	193
198	162
2	160
0	161
1	3
3	0
0	0
21	0
0	0
0	0
1	257
4	0
0	23
10545	0
30	7097
5	1130
0	1
1	1170
5	897
22	0
0	0
10	0
0	0
3096	32
13	2370
14	2365
368	0
25	1496
1007	0
10	143
0	0
1	889
80	4379
12	4611
5	3582
121	3834
39	3983
2	889
7	3765
0	963
0	552
13	341
121	9500
0	0
19	317
19	6627
18	2370
9	873
1	873
1	873
0	1742
0	1758
0	1756
0	0
652	0
0	1742
605	5
0	1635
0	1635
9	1703
88	523
3	481
3	488
1	1670
3636	0
5	1404
20	1114
0	0
1	1734
110	7429
0	0
2395	0
6	0
2	0
3	513
2	389
17909	0
12	0
2823	0
5	1059
52	676
0	0
9	2288
1	0
6	1
1	0
0	391
28	395
1	391
19	4099
0	5
71	2412
98	2412
13	1394
4	3686
8	1024
4	1348
3	1166
4	1771
3	96
3	96
18	618
55	1273
5	144
0	0
12	99
8	576
23302	2
0	0
2	576
1	0
4	216
1	574
0	575
1	586
2094	0
12	1606
2	1508
138	0
1	253
36	2473
19	2471
2	1573
0	1567
0	1568
1	1517
6	805
0	4
0	0
0	711
5542	0
0	0
0	0
0	3073
0	3134
1	3309
0	2279
0	1265
0	1251
2	1248
0	1248
0	1216
4	1202
0	0
2	0
23	0
2	4
0	2349
2	4
0	3
35	10057
0	1547
14	1516
5	1047
8	1432
6	1409
28	267
136	1085
0	12
0	9
0	9
0	4
4	28
16	2100
2	2100
8	0
2	1117
2898	0
0	0
5	1536
671	0
1	584
0	3
5202	0
0	3
0	3
0	0
0	0
0	0
6	0
4633	4
19	0
0	605
1	146
1	144
0	0
2	934
6	571
1	0
0	281
0	287
0	280
0	294
1	258
0	0
1143	0
0	646
3	631
0	645
37	1100
301	1100
0	0
0	0
0	0
121	2690
68	0
78	1
0	1
0	1
2	0
1	428
3	1401
18	482
0	0
1	1221
2932	3
2	567
5529	0
13	1521
26	1520
2	180
3	893
1	894
30	888
0	2461
0	42
0	0
0	5412
32	5106
18	5112
6	4981
23	2457
0	5614
0	5655
43	4659
0	5597
0	0
1229	0
7	2454
2528	0
0	2454
29	2421
9	0
72	196
13	781
0	2513
0	977
54	1348
11	1356
0	1356
0	2490
1	1348
4	174
6	62
0	2473
0	2525
5138	0
0	2554
8	1587
2	1726
3	745
1	952
1	673
261	2
8	1291
1	188
86	0
46	459
3	0
6	0
136	2310
507	0
0	0
85	2310
0	4
0	4
13	10
6	103
9	4179
2	683
0	688
9	688
4	688
1	465
2	1493
0	1490
6	399
16	291
4	965
2	944
1	870
7	927
0	850
0	17
0	17
3	400
1	7670
923	2
359	10344
2	1468
3	1466
1	1474
2	1464
0	1458
2	1463
0	1464
180	1437
339	0
12	513
288	427
424	7432
383	7212
0	0
0	0
4	0
0	0
66	803
14	827
16	804
4	826
6	803
1184	0
29	4579
0	1452
0	1525
1	1465
1	1415
1	1373
21	1379
1	1386
0	1438
9	1150
0	1341
12	2601
1	2528
0	1736
53	1784
0	1885
9	279
2	269
9	2488
7	1702
0	1102
1	0
1	1002
0	84
0	85
11	1658
0	1990
2151	0
7	1466
23	4428
0	143
33	125
20	154
13	148
6	109
193	0
0	42
0	41
4	43
1	95
435	0
0	0
7	3334
2219	0
22	758
1	33
1	28
2482	25
0	0
0	0
0	0
3	976
0	0
0	0
0	3966
0	0
0	2823
18	13380
0	0
0	380
0	384
0	425
2	884
1	813
6291	0
1001	0
17	0
358	0
376	0
348	0
1	0
5023	0
705	0
1	1797
100	0
1	163
0	131
3	0
2	893
26	0
1	137
4	38
0	790
0	801
4	790
2	784
0	820
0	832
9	778
0	862
0	58
0	61
0	60
0	45
1	49
19	670
0	672
21	1565
2	0
0	0
10550	0
2	680
0	186
59	4
0	2824
13	0
4	400
2	187
0	1026
1	3788
306	4291
178	1600
755	8125
5	4539
0	2852
0	2852
0	0
70	472
1422	276
6	867
0	4
6	156
14	218
2	2296
14	2171
0	0
0	0
0	214
2	193
0	192
0	165
3	0
5	2221
2607	1441
3	5887
34	3460
2	5263
8	5006
26	5644
32	5357
1	2
1013	0
0	2851
420	2808
0	75
0	75
0	69
649	0
358	0
0	0
2118	0
0	0
10	0
0	0
722	0
2136	0
1645	0
682	0
0	0
0	237
497	0
1	255
82	0
5471	0
2	257
0	0
159	0
0	215
0	0
6	215
125	0
2	40
7	0
523	0
2488	2
10	569
0	589
0	104
1	308
1	305
7	305
2	295
1	293
1	303
0	304
0	301
2	292
0	293
3	291
0	0
37	0
2	139
0	133
7077	0
1	122
1	1436
26	1254
2	1144
0	0
6	340
1782	1226
0	0
274	0
19	1446
28	1446
0	30
1	29
0	21
1	24
72	1
0	1038
6082	0
3	596
0	756
2	0
1	0
84	13
560	0
0	1
1	0
319	0
0	0
0	0
0	0
1	52
14	0
1	250
0	30
0	30
0	25
0	250
1	470
7	449
1	449
5	450
5	1869
9	0
0	0
0	0
3846	0
2570	0
12	440
3	33
0	4655
958	0
0	1598
9	634
898	0
56	0
0	0
9741	0
0	0
2621	0
1	0
0	0
701	604
1	604
6	604
0	0
224	11376
75	11085
1	0
6	359
1	4194
0	4066
554	15173
47	14236
35	3220
32	0
0	0
0	3
0	3
1	1
3	5762
1	5759
2	5756
1286	0
0	5930
0	1754
9	604
26	3814
0	1
0	1
0	1
0	0
0	1352
7	1269
4	1266
3	1254
6	1264
0	1193
1	1138
0	1
0	1
3	775
50	712
0	0
2142	2
0	7152
27	6892
64	6734
5	1592
0	3
0	3
0	2
0	4
1	410
2	327
34	5448
0	5745
276	5619
0	5123
0	0
0	0
595	2
4	630
3	618
35	9
16	906
10	824
0	62
0	63
0	29
0	63
2186	15
2093	1405
0	1405
1643	0
0	101
47	3992
0	143
1	143
1	143
0	1
0	1
4	284
246	99
812	0
1	0
281	4372
77	4362
8	277
0	271
0	0
767	8
22	72
1538	0
154	2716
114	0
3	0
0	44
15	3412
6	3411
40	3431
250	5972
19	2006
28	1961
0	235
2	1
0	1
0	1
2221	0
15	2179
0	0
8935	14538
39	0
1	0
0	0
32	11
1	0
2	256
0	256
0	0
30	0
10	960
1	1097
7	1021
0	0
3	2632
0	0
10681	0
0	0
1	2564
0	0
0	0
380	0
0	559
0	1
0	0
7	6
40	6
14	6752
0	0
414	0
0	3392
2	3194
0	0
5	3191
1	3121
10	3081
3	3034
5	3034
0	3381
0	3433
0	3461
4	2977
20	3390
1	0
31	2946
31	1718
0	5367
0	5249
0	5156
12187	1
0	0
19	3
0	0
88	1827
3	48
15	2286
4	0
0	0
0	0
0	314
8	0
56	0
0	0
0	829
0	10441
0	10171
0	10441
2	250
1	244
1	245
0	250
0	10
0	117
2	660
19	0
0	0
0	385
15	260
2	197
0	196
0	3
519	5679
4	5672
158	2611
8	4712
118	2801
0	3118
0	4408
1	4246
0	4646
96	2640
67	4713
195	5856
0	0
0	17
0	102
0	17
0	17
0	16
0	16
0	421
4	104
0	0
1	6180
31	5996
3	1376
0	3830
0	959
0	2282
12	1833
0	189
0	157
1	157
7	184
753	5988
8	2247
0	3448
1	125
2	872
49	1
9459	0
0	12
0	10
1	10
0	498
4	1281
21	691
2	586
59	1
0	0
4768	5
1284	4147
0	0
1	349
0	384
15	346
0	8
4	101
9	886
7	101
17	686
0	44
1	0
77	863
0	750
0	0
2	712
0	892
1	568
22	4159
15	4161
14	4050
213	4164
8	3904
265	2872
0	0
2	4209
1485	0
0	2072
17	1957
527	5731
0	652
0	98
991	0
18	441
0	441
1	0
3267	0
45	2673
17	301
13	322
0	747
1	747
11	204
2	747
64	24
126	756
1	565
38	148
0	3727
0	3355
0	3579
19	2041
67	527
36	527
11	0
2	1376
0	1376
27	667
0	430
15	374
8	208
18	4539
292	4539
232	0
0	0
1416	0
0	605
0	544
140	3328
12	3324
1	3326
0	1432
4	625
64	1426
1167	0
2	19
1549	2
18	534
576	0
12	0
1793	0
0	16586
15	16252
808	16481
6	339
980	0
0	17381
84	16716
0	0
382	17255
71	2472
10	1167
182	16865
0	10
456	2
2	272
16	193
424	0
501	0
4	172
0	185
0	175
0	184
0	181
1	175
3	173
2	156
3	14
0	14
4	217
0	235
86	1710
3	1716
6	1078
7	920
9	861
2	688
0	0
0	0
96	1867
11	0
7	1865
2396	0
2114	0
68	0
0	1789
0	1990
0	1834
0	2521
70	2488
11	2480
1	2472
24	2430
13	2378
9	2281
6	2259
47	772
11	648
25	761
2	637
1	696
1	685
13127	4
2	0
0	0
30	1527
15	0
0	4
0	25
0	0
0	21
0	0
0	0
160	0
0	0
0	0
0	0
316	1756
26	1089
29	1375
89	5837
56212	15
6629	0
0	1153
1	1153
0	1090
4	4255
3	4247
632	3468
145	3213
42	2984
1185	0
0	0
2	929
1038	0
0	1872
2	1825
2	1827
2	1825
50	11129
986	0
21705	0
10	203
1	203
667	203
0	228
985	10
6	3448
0	3402
7	3392
1	447
0	335
2	255
0	256
0	254
14	0
468	1
251	0
26	0
388	0
55	1631
38	1599
0	0
2	0
11	45
7	0
1	0
0	0
0	0
0	0
0	383
7	383
1	756
1	867
0	0
22	265
4	1095
0	2492
3	2492
0	0
0	0
0	0
13	670
12	644
10	2259
33	2281
8	281
7	256
24	0
1	339
1	517
0	5
43	11626
5	1508
1	0
3	0
2222	53
15	870
7	870
2	74
961	0
1	207
0	207
0	0
0	0
4176	0
0	234
0	237
0	0
7515	0
0	0
0	0
36	2022
42	2034
7	2003
18	1999
0	1925
0	0
3	986
10	87
0	0
0	826
2	795
3	783
162	0
414	0
5322	0
8442	21
4	0
0	384
0	401
0	404
0	385
1	388
1	402
3	405
1	359
13	5798
10	5797
2	5800
0	7738
9	7675
94	7542
4	1991
202	0
1	0
247	0
3483	0
1319	0
0	0
2	142
2	136
0	4422
13	5115
4	4936
5	204
1	831
5	1
47	4851
34	1396
0	1791
8	1793
17	1729
44	716
8	1755
4	1712
1	1713
0	1709
1	1710
0	1709
0	1712
4	1708
4	1710
0	742
1	1710
8	1714
3	1712
3	1709
2	1709
337	4457
325	654
0	2
3186	2
13	1513
5	68
1	2778
2605	0
341	0
0	0
21	1449
0	11
131	1959
32	1946
7	1790
8	1944
1051	0
1965	0
0	627
4461	0
0	54
0	0
8	0
26	0
1	14
0	14
0	14
0	8
0	7
0	7
0	0
0	0
20	300
1	9469
11	12623
0	926
1	924
43	886
9	880
25	866
5	808
9	592
0	0
0	0
0	0
0	0
0	488
0	723
0	1232
0	0
696	0
1	0
2044	0
0	455
0	0
1650	973
0	973
0	0
0	0
2	246
0	0
0	0
2	0
0	0
2	2515
3	1758
90	1758
1	17
2	26
1	17
498	0
0	23
2	23
1	21
510	0
0	20
3590	0
0	22
0	19
1	20
5	17
0	17
668	1
0	45
403	99
2	34
1	250
109	0
1	178
0	180
0	180
0	180
0	178
1	177
434	21
9	12
0	0
0	93
0	0
100	8
17	2
12	0
0	0
0	0
2	129
3	1102
137	0
0	36
4	209
0	208
1470	0
0	0
0	0
120	6752
74	6475
83	0
5	1
0	0
1	187
16	1355
11	1354
2	1353
3	1354
0	1002
0	0
16	534
0	177
6	185
321	534
31	544
0	0
299	0
0	0
2789	1
4923	0
98	0
26	222
1	222
1	0
3	207
30	2038
183	3980
29	3877
109	4125
7	3801
35	3734
39	3624
26	1954
1	0
107	1950
0	2415
2	2405
0	4
144	625
0	0
0	0
2	575
61	2910
2	2867
27	28829
0	0
4	1978
79	1978
11	2215
10604	3
4	13
1233	0
10346	0
556	1274
0	39
0	34
19	2029
11	1973
9	1918
8	1504
0	2938
3	2741
99	1524
1473	0
0	0
39	504
4	482
0	475
6	27
293	36
10	1080
17	0
1	3
1095	0
1661	0
0	429
440	0
5	478
1702	0
1	358
0	358
1	332
1	14923
12	14519
2	16078
4	14794
5	14212
2	15970
4	14274
3	13890
33	14930
4	14111
8	919
1456	0
1	2876
15	2016
21	1929
26	1935
12	1937
19	1894
6577	1
187	0
0	2
0	61
0	37
0	31
32	1373
2	476
116	1373
25	250
0	0
821	52
15	228
1	201
0	202
3	59
1	56
42	0
0	132
1	0
0	0
5	2844
0	129
4075	0
0	131
31	726
770	0
1111	0
1286	0
0	0
0	453
26	809
2205	2462
0	447
1	437
0	314
0	0
577	0
30	0
50	0
238	0
621	0
0	0
25	1016
0	0
0	0
6	1008
1	0
28	167
0	0
341	10022
946	0
0	269
386	2461
156	3650
6	2136
6	2157
6	2173
2	2061
3	3641
0	3625
9	1931
6	3633
3	3617
1	1943
6	1859
7	1547
14	1523
0	620
2	1932
56	537
19	2172
1	52
5	2281
1	53
924	68
3	0
0	458
0	0
0	408
0	1018
82	1011
1	636
0	157
0	156
728	51
0	0
349	0
0	0
0	0
0	0
0	10
0	10
0	0
0	0
17	3685
30	198
36	12
2	992
3	987
0	0
1690	0
0	388
0	387
5	387
0	0
2	0
15	645
28	103
0	938
2	834
26	776
4	663
51	0
0	5
2	0
0	6
0	5
3	0
15	1439
13	1437
2	0
0	0
0	0
0	0
0	0
0	0
0	0
0	0
9	27120
2631	0
0	0
0	0
0	0
0	47
31	2715
235	2648
5	968
0	901
0	0
13	899
6	0
1	0
66	1707
13	1707
3	1596
0	861
8	0
10	899
83	3315
0	899
0	0
4	76
0	76
1	75
5	76
0	705
0	913
1	913
0	1329
12	1652
11	4809
0	11
0	11
0	3
10	0
1	1
13	3485
26	0
71	4964
0	6079
551	25959
0	1338
2	1318
4	1305
6	1297
66	1333
2	1257
0	1257
3	1131
1	0
1	1362
13	338
12	3229
120	3151
16	2211
26	4759
7	0
2	13
0	0
0	0
0	0
11	1184
3	1184
1	0
0	0
0	0
0	399
0	1
0	5
0	3
13	1331
0	0
32	1354
9	142
0	6102
354	6084
244	6098
1	0
1	197
0	263
247	0
0	116
4	78
46	103
81	893
9	907
0	19
3	1277
0	81
0	291
0	280
0	285
0	285
1	284
1	283
5	217
0	263
19	224
11	219
0	1
530	0
8	0
1535	0
2	0
76	0
12	190
4	469
10	477
76	4623
56	1159
22	1085
13	1184
0	963
4	927
7	719
0	3183
0	2994
198	2994
0	3183
0	4
5	0
1247	0
1472	0
0	0
4	604
14	0
0	0
7	1872
1	0
0	422
0	445
3	435
2	429
1	408
4	424
0	421
1	372
0	1552
0	1543
0	1989
9	1937
25	0
3	8935
9	9752
8	1500
3	1488
0	4
4	4
0	3
0	4
0	0
0	0
12	0
4869	0
532	2176
3	2176
0	142
8	199
12	2157
0	562
9	926
2	1349
27	667
137	0
0	0
1241	0
1	100
0	886
32	3183
15	3166
0	0
0	0
551	0
748	0
0	0
1573	50
0	0
90	660
0	0
2	963
482	1405
1	0
509	2
0	0
0	0
0	0
0	0
0	0
0	0
43	882
35	1130
114	0
0	3057
45	9097
0	2926
0	5756
15	5746
0	5735
0	5768
30	5669
0	5769
0	5849
6	5648
91	5675
0	2802
0	5792
0	5615
0	5760
0	5638
98	954
1	60
132	2656
350	0
0	3933
6	2806
89	1596
1160	0
5	4548
0	6
0	6
1	77
16	0
0	0
0	0
0	0
0	0
9	661
1994	0
1380	0
5112	71
40	0
9	2666
66	2645
3	708
2	828
0	1664
5	85
0	92
0	87
0	7
0	7
0	6
0	6
0	6124
0	6134
0	6123
0	6136
4	6144
0	5957
4	3569
0	5015
0	5027
0	5414
6	5928
3	518
0	1
5	6973
0	1
1	31
6	677
1	885
0	519
4	2026
0	18
2	17
4	650
6	1859
1	365
0	365
4	370
16	372
0	358
7	368
0	245
0	233
1	1811
1	229
227	0
3	40
0	0
14	606
0	772
0	0
1	750
7	496
3	749
0	961
0	828
0	826
23	3245
0	882
3	679
47	7362
7	7400
38	7192
85	7198
0	7723
0	7426
0	7722
6	7340
2	7077
9	6922
20	4271
28	701
87	974
130	1876
97	1804
1145	0
2	0
0	633
0	633
2186	1262
0	4
0	3
0	3
0	4
57	8868
0	8012
8	8450
2	8672
4	1593
0	8
0	0
450	0
1	475
52	17
1	0
3059	0
0	0
0	0
0	0
0	0
2853	121
0	7818
0	8007
0	8159
1	3309
81	3309
2	15
5	649
140	2208
18	2202
0	3408
0	658
0	640
1	575
56	671
408	0
0	7161
2	7160
7	7160
16	0
44	1784
0	1784
21	1784
3	201
103	976
21	976
2	976
0	0
308	0
2	0
1842	0
0	20
0	18
0	18
6	3749
15	3749
57	3657
0	0
0	26
1	17
50	1677
0	0
428	0
511	48
0	270
0	0
84	10053
11	0
0	44
0	39
2870	0
0	0
2589	0
49	912
0	4385
648	4185
8	3923
2	4073
16	3094
0	0
0	0
0	0
0	0
0	0
0	0
0	4764
0	4965
76	5003
1	4931
0	0
0	1390
1	1368
2	1338
0	1390
13	1369
2	1289
3	1278
1	1304
3	1300
1	1288
0	939
0	0
0	0
1517	0
0	345
9	4912
3	344
591	0
58	0
18	0
5512	0
4687	0
606	0
0	0
0	0
0	0
7017	0
0	0
0	0
1	0
618	0
35	0
3	15
8	2936
4	2914
169	1474
18	1474
0	3
1	0
0	3
0	0
0	0
0	0
0	0
1	0
0	3
63	119
7143	0
6137	0
380	0
7	0
0	0
437	0
26	0
3625	0
0	0
170	0
1	39
253	3
0	44
2	5
0	0
4	0
0	1
2	37
0	4
2	28
3	28
0	28
0	28
74	888
2	693
1	338
853	23
3	335
4	503
62	1585
10	1534
0	328
23	0
4	1689
5	1538
0	8
0	146
0	8
1	333
0	1336
0	1287
0	1358
0	1314
0	1336
0	1314
1	1247
0	1310
0	320
52	3490
0	4590
76	1021
16	1021
3	782
3467	0
0	0
0	0
57	2352
1	1452
37	2762
0	327
15	316
0	282
0	254
0	254
46	59
19	59
0	4001
6	0
1385	518
0	0
0	0
0	0
31	465
6	466
22	458
4	459
6	422
3	246
5	422
15	420
0	410
0	729
0	720
0	720
2	655
0	102
1	96
415	0
17	832
0	4159
174	136
0	0
465	0
3333	0
493	0
565	4
0	0
1	4377
1170	4377
5367	0
847	0
4	0
6	1397
2	3859
7	203
3	0
940	0
4	1548
1805	0
259	0
2	2390
51	3904
52	8
0	1
0	1
57	0
5	34
0	148
73295	22
0	0
0	603
2	539
2320	1
0	0
0	0
0	1
0	0
1935	0
0	2378
0	2344
0	2487
0	2453
4	2490
1	263
2	259
18190	0
6441	0
1	152
1	27
725	0
6	347
8	347
867	0
9	0
0	0
0	0
0	0
0	0
0	261
0	0
1	0
0	7
171	704
0	7
0	7
0	7
0	594
1	139
8	160
2	2292
1	119
0	114
0	114
596	0
0	0
0	0
445	4607
2	161
487	0
1165	0
8	235
1	27
0	136
0	131
0	145
8	534
11	480
0	3
0	2
5	0
0	0
1	2
0	3
2	1521
4	1435
0	1044
0	365
2	296
2	297
63	330
0	1995
5	2033
10	0
0	0
100	3471
0	660
3	653
8	696
0	283
2	696
14	658
7	653
2	327
1	600
1	121
0	121
0	602
0	620
0	0
9	64
1	1138
0	0
0	5035
727	8120
36	4991
0	4910
410	7964
1	6086
0	0
0	63
1	2869
22	1661
87	1334
1	0
1	0
1424	0
0	4
0	0
23	117
0	106
1	17
1961	0
1650	0
2	0
1	113
13	582
0	319
132	0
19	1
1	0
14	0
13013	11
7	5141
2	5124
0	5124
1	5091
14	1859
0	12
2	11
31	413
22	1384
6	1162
778	0
8	336
7	370
0	0
0	0
3	193
118	4
894	0
5	0
0	0
5	0
3	738
1268	0
59	516
601	516
84	2971
0	21575
0	21497
0	21317
3	20865
498	20442
0	19091
3547	0
1	17701
20	15821
1	14774
2	0
0	0
0	0
1	0
357	0
341	0
6827	0
222	2443
12	2930
19	2678
2	88
22	7636
4	1356
134	866
1404	0
2	212
0	212
0	0
2	775
7	1648
1	1643
0	1
147	5193
0	0
0	0
1	3
0	1416
23	902
389	32
61	113
5	99
3273	20
0	0
0	2
0	1
52	274
0	0
0	233
2	2042
0	8257
11	3796
0	182
3	344
5	344
1	344
32	0
170	95
3	533
745	7
0	0
2610	0
566	3235
5112	3235
1165	0
1514	0
2512	0
1	0
110	4
95	0
1922	0
683	0
0	0
0	9017
681	8905
759	8877
3	0
0	535
2	0
0	563
31	526
0	604
1	562
1	562
4	451
12	1018
0	14118
1	12857
1	70
9	57
0	58
1	69
24	294
6	275
0	291
3	246
0	53
1	53
1	49
0	0
9	4555
11735	0
882	0
69	0
1593	0
291	8017
0	3
0	3
0	2
0	3
4	218
0	507
7	506
75	489
2956	0
6	0
0	0
0	0
0	83
11	83
0	1838
39	1472
5116	0
0	1806
10	504
0	1917
18	1913
0	1611
10	1740
585	0
1749	0
191	0
1775	0
0	1090
1	1112
0	3641
50	493
0	1110
0	169
3	79
17	1110
13	74
7	621
1	595
0	0
781	0
0	7
3	56
10	655
0	0
1	0
2	2550
28	693
181	0
1	0
816	0
2580	0
0	382
85	381
0	433
1	0
0	115
0	39
0	115
0	76
936	1290
502	0
15	3144
45	0
0	556
0	556
75	313
0	0
20	25
2	75
0	75
1	1955
18	215
48	210
176	5979
4	852
13	284
568	0
3	1573
7	122
5	510
5	519
282	0
2	517
1	162
0	0
1	4
8	0
5	1394
1	1392
3	4
0	0
928	0
440	0
34	0
0	121
14	37
1	37
15	8
0	0
0	0
0	0
0	0
0	0
1	812
1076	0
1	505
124	510
9	506
0	6
0	2400
11	38
0	0
0	0
8	0
0	0
6	750
0	671
6	666
142	1046
41	2500
0	0
737	1829
10	19
0	0
0	0
0	0
0	0
0	0
0	42537
1	13885
0	0
2964	0
4	0
31	365
464	0
101	0
149	40694
98	40543
0	1
3	108
13827	20832
28	20784
4053	20824
30	1840
2	0
4	806
2	806
0	667
5	1355
10	1230
0	1
0	1
0	0
58	1237
116	1228
52	1244
195	1339
6	798
7801	0
0	10
0	10
0	10
556	0
4	62
22	375
2	372
30	283
2	2725
2	0
0	129
0	128
0	128
0	127
0	126
0	132
0	121
0	127
0	120
0	0
10	231
0	235
2	218
1374	3
0	1
0	1
0	0
112	506
25	1186
83	51543
2031	0
25	109
0	74
0	84
0	84
10	509
46	483
0	0
0	0
3313	0
0	1200
7	1154
12	26169
0	0
502	16
1396	0
417	0
13	11
0	0
0	0
8	267
0	267
2	265
0	267
2	265
0	267
1	264
0	266
0	264
2	266
0	0
1	0
2	0
2913	109
0	0
0	0
2	0
0	0
0	0
0	0
2	466
1	463
0	463
0	463
0	459
1	459
0	456
0	455
0	455
0	455
34	438
1228	0
0	2066
3	2045
4	546
0	21
16	4091
19	4085
100	4062
172	3931
0	618
1	628
3	919
0	890
2	117
177	0
253	6137
0	698
7	506
0	3244
3	3438
7	3234
0	3378
49	3572
205	5341
2143	5301
0	1356
969	0
247	358
4366	0
68	5530
10	5900
67	1
112	857
73	857
0	1908
0	1875
8	1620
0	1977
2	1498
122	1412
0	1560
3336	21116
4	6
0	6
621	0
1	549
20	1904
0	1778
5	14
9762	0
0	1207
0	1137
0	0
86	0
1399	296
8	356
33	30
5	79
0	69
1	73
3065	37
0	19
6	14
5036	37
1890	0
9	301
205	977
1	0
2	0
0	0
0	0
4	4
1074	1163
0	374
16	393
4	323
0	322
0	721
23	689
1	680
2	668
1	669
3	654
0	697
1	655
1	612
4799	5
2057	0
0	0
5	996
0	0
0	0
0	0
0	0
10	2063
16	19
0	0
0	0
0	0
0	0
35	4768
0	317
18	322
34	4817
10	316
5	321
1	258
2	2173
0	4149
212	3625
2	3562
10	529
1	506
3	14
0	14
0	0
99	36
72	3
189	3
441	63
0	64
0	63
1	149
27	2
467	7
0	0
0	0
0	0
3157	0
2127	0
1782	0
6779	0
0	0
434	0
0	1134
14	1099
2	1106
12	1106
1	1134
5	1122
0	1120
0	0
0	665
3	733
71	0
5	1067
578	0
0	0
6	848
1	2985
1499	0
11	3006
0	2941
83	168
0	464
25	548
0	207
0	207
11	213
0	207
0	197
0	191
0	191
12	159
0	207
17	6
12	0
209	2897
0	0
125	0
331	3682
38	3682
8	789
74	362
1129	0
0	0
0	0
0	0
77	3201
13	62
12	1402
38	1316
78	539
40	539
0	0
6	357
2	337
0	521
1215	0
4935	0
0	0
1	35
0	0
0	0
25	529
0	0
1486	306
2217	1657
113	8384
113	8378
0	0
717	0
0	0
1	3
11	470
19	4752
34	6567
6	6555
1	0
0	101
15	303
0	330
10	295
4	301
0	0
91	2474
1	692
0	0
0	0
0	0
35	679
7	679
27	0
25	5
0	10
0	1
0	10
1	186
2	470
4054	470
1959	0
6	1652
4	19
1	35
2	67
14	1545
0	690
36	929
20	929
3	659
1	848
28	631
15	1429
1	1268
47	1286
0	716
32	4950
17	2556
29	5392
14	234
124	2124
0	0
9	0
2377	0
186	8037
34	0
10	0
2	0
12	2105
6	1940
1543	0
0	18
34	5861
777	0
11	38
182	7811
58	7811
22	809
5	3971
157	737
2706	0
489	15598
0	0
298	2558
0	2717
304	1943
29	1873
617	2866
6	1862
0	1
379	0
3	4
2	332
19	0
1	1980
28	13223
11	13103
65	13110
36	13013
11	12970
39	12839
0	0
5	402
23	196
0	375
0	0
15	12017
0	3939
21	3944
174	3802
0	3934
89	3993
1	3980
1	16
0	16
11	0
9	4369
107	683
310	4516
14	408
11	410
4	410
0	0
0	0
7	146
4	144
8	142
2	144
1	468
4891	0
2582	0
430	0
24	4378
79	0
856	0
471	571
13755	1925
15	571
1000	524
0	0
4303	0
0	699
3	648
0	18
6	3801
0	0
0	19
0	1
0	18
1486	0
0	17
5	0
0	19
283	23089
339	3281
8	3292
29	408
8	794
9	794
5	3291
32	4684
11	4674
1	65
0	65
45	492
0	709
39	687
9	673
3	673
32	688
177	0
205	0
878	9036
0	334
14	300
0	229
0	289
2817	0
0	0
0	0
0	8
1303	0
7	204
0	2137
12	1792
1941	0
1039	23
6797	3
1	2
4	0
2	228
0	0
0	0
0	0
749	9
11	356
11	5387
28	5273
1	2075
0	2214
0	2192
0	2129
0	2094
4	2067
0	2167
6	142
8	1876
0	0
1	0
10	2143
1839	0
14	9041
4	9042
0	9042
0	0
0	69
4	84
9	485
0	0
0	485
14	1489
6	1488
9	1488
0	1489
29	1650
17	1651
6	1505
25	0
535	0
0	0
0	1884
0	198
6	0
0	0
1462	0
0	894
1	894
0	3927
1	0
1	542
6	529
1	505
0	550
370	471
4	471
0	0
2317	0
0	0
0	0
200	328
0	0
0	2791
5865	0
2	664
22	1234
1	1233
5	1233
2	922
19	123
0	121
22	115
7	114
3	116
48	207
37	207
0	0
0	8
1	9
0	7
2	547
0	176
0	170
0	170
0	174
0	170
2	179
0	178
0	174
0	175
0	174
22	295
29	2151
95	2136
0	0
0	0
6687	19678
15	276
13	641
4	1290
8	1209
2	1196
0	862
1	140
0	443
5	420
5	418
2	350
0	373
2	309
0	0
1685	4
0	7
0	6
8	88
0	0
0	3037
0	3028
0	2766
0	2757
0	0
0	0
0	0
90	1491
6	0
17	6997
32	1591
501	9
3443	0
2932	0
2244	0
551	0
0	2639
4	4
0	6891
103	5259
0	0
16	2854
4	2854
28	2846
520	29
0	32
0	31
0	31
13	2681
4	6404
9	4183
0	0
2078	0
874	0
2336	0
0	0
0	0
5	526
0	0
4	0
10	4
29	556
5	560
0	1
0	1
0	1
5	2181
17	2211
0	568
11	520
0	418
7	255
16	262
0	0
3	262
0	2216
83	2199
13	2198
2	2031
25	367
0	0
1306	0
2136	0
396	7
348	252
1	252
0	252
0	252
4	105
0	0
274	10
127	1055
99	1055
0	0
1904	0
187	24
0	0
0	0
0	412
7	392
12	412
2	368
0	2833
3	2223
13	1509
25109	0
61	310
0	310
0	306
23	3583
1025	0
2	58
8084	0
54	4361
113	64
1	772
4	783
20	0
1	62
4920	0
0	62
109	1105
875	0
4	61
897	0
0	0
9564	0
0	0
0	0
88	133
13	0
0	0
34	294
1841	0
0	0
0	1
0	1
0	0
8243	0
302	0
441	946
89	1045
1	1045
7	697
0	0
11	0
6607	0
0	169
2	137
0	76
0	76
0	42
2	42
1107	0
2941	63
11	1047
0	66
1472	6321
1	500
0	0
281	0
481	0
0	0
0	6
0	6
0	6
287	0
463	0
1442	0
0	0
0	0
1	0
0	0
8	60
228	897
3	897
2025	0
2967	0
0	1
0	1
35	401
12	526
171	932
5	790
0	3132
5	3127
1	1807
1	1807
3512	0
1358	0
2	73
2089	0
6	0
0	510
3	493
15	501
3	1600
10	1542
0	2105
108	2017
17	1889
37	2079
7	1603
1	2073
3	2074
3	0
2033	0
38	1473
26	0
3	234
0	232
0	207
1	231
1	0
0	0
2674	0
0	1
0	0
0	0
0	2631
0	2531
68	2225
594	2912
0	157
2	151
1	149
5	122
1	899
3	3232
9	0
0	407
3	416
0	418
0	412
0	409
0	392
0	385
0	390
0	396
0	905
45	732
7	720
2	1288
230	2161
2766	0
133	0
7	438
80	435
69	438
151	0
18	970
0	969
0	997
0	3698
0	3441
0	3376
0	17
25	6877
508	7335
13	5962
486	4165
4	3300
3	1472
31	3277
910	626
7	164
1	164
2	164
3	1238
5816	2338
2	0
8	269
1	269
14	545
14	785
4	192
4	0
57	2918
39	2373
5	2194
1	376
3	0
85	7822
0	0
24	10001
0	9229
12	9730
366	9911
9	9790
6755	0
3	0
3	429
0	0
8	1634
1	1626
6	2624
0	2683
13	2625
9	2522
7	67850
3	67850
316	0
0	66136
2	65028
14150	0
0	0
0	0
0	0
0	0
41	362
0	1
951	1959
0	1736
100	993
0	0
8	992
3	958
12	0
0	0
0	0
0	6507
62	6020
36	5972
0	6933
250	6336
0	5985
0	5952
0	6411
0	6378
0	5869
0	5796
0	6295
246	6505
1	1601
2	231
19	227
1644	0
7	0
2	66
3	39
10	39
1235	0
1757	0
0	0
0	696
14	434
7	642
0	642
0	457
0	0
74	4575
0	8
0	8
798	0
4	358
10	841
5	991
8	840
17	0
0	0
1	0
735	1
0	159
5	1106
6	0
3	14
0	14
0	14
3651	0
0	4410
0	4548
0	3738
0	3737
0	3732
4	3729
0	1
3	2796
14	202
0	0
2	305
0	0
0	0
0	0
0	0
65	2976
0	2933
0	2958
0	1190
0	2328
2	1950
0	1697
4	1315
8	1353
32	4746
38	4102
2	2000
1	329
0	1913
1	0
499	9415
0	33
0	33
0	33
0	1
0	1
0	1
0	1
423	0
5	3334
11094	0
0	0
3	486
7	410
40	384
31	330
0	333
16	2277
2	2265
5	2265
68	1848
61	2197
4	0
1464	0
0	0
0	0
873	0
0	0
0	0
0	0
0	0
8071	0
3913	0
395	0
5	1618
35	265
1	212
0	0
1	2
0	0
4	136
2	7886
59	658
15	506
0	33
0	0
4	665
12	3921
0	0
0	0
0	0
0	0
0	0
567	0
0	0
26	0
0	0
0	0
0	0
0	0
519	0
2	0
1	0
0	0
34	2730
11	2733
4143	0
756	0
0	3941
2	0
0	4
6	4
7274	0
0	0
0	0
0	0
0	0
0	0
0	0
0	0
0	3
0	0
2469	0
0	0
1523	4778
0	4620
0	4994
0	4485
0	4800
0	4478
0	4283
9	4216
6	0
1921	0
5	486
10	3822
1	3802
0	0
0	0
2	2
46	0
1343	0
55	0
0	0
0	0
0	0
14	3373
55	3541
4343	23
13	0
251	1324
4	300
0	0
3	1994
0	1996
0	1
25	4381
2	4473
0	2188
0	4558
0	4707
14	1865
13	622
36	0
5	2039
11	93
0	0
5	1140
0	44
0	35
1	47
0	38
11	2387
0	41
8982	1292
89	6004
0	8178
7179	0
1261	0
313	5996
0	2
0	0
15	614
0	503
975	0
8	349
1	346
3	346
20	1889
0	1433
1	611
13	1915
45	7926
41	1246
61	1312
0	2
1798	38
2	996
1	16
411	648
19	201
7	1265
148	776
1226	0
0	0
0	0
0	0
11085	0
0	0
3432	0
1209	0
0	0
16	642
97	642
1	0
3	179
0	0
7	0
9	577
2	188
0	309
1	285
4	83
0	551
1015	0
0	0
0	548
30	6244
405	6661
29	9118
528	8833
3930	0
2148	0
750	0
17	4690
1	3644
0	40
5	575
0	0
1880	0
0	4194
2	4148
2	4042
0	0
0	6332
4	6318
0	6318
3	6306
15	6001
2	1139
0	0
3	558
10	545
23	1044
2	0
0	0
183	4338
0	1
0	1
0	1
63	582
0	223
1	0
14	77
14	469
11	360
253	0
1696	0
0	2
161	1397
910	0
12	1266
21	2578
21	4447
0	100
0	98
3	58
2	58
0	56
0	132
36	1612
2	1601
8	1591
10	1568
0	1579
0	1509
4	1535
4	901
3	906
2	904
1	894
0	851
0	851
27	966
2	1385
2	391
0	404
0	0
968	7627
318	7627
0	0
13762	32
3242	0
37	10686
19	10118
4	10118
1	0
0	0
6	0
344	0
943	0
8	4188
1	0
85	534
0	74
6	74
5	0
0	0
0	0
0	0
0	0
0	2744
98	0
12	0
4	509
0	695
0	647
24	3248
5	3673
2	652
9932	1
6218	0
303	1924
10202	0
7	2164
16	2157
31	2161
155	1787
1	4
0	0
2	598
183	0
711	0
51	0
567	0
93	617
0	617
88	0
17	0
17	0
0	222
0	221
2	187
2	13
1	13
1965	0
1	0
0	0
0	19
4	319
884	8
0	266
1139	0
0	0
0	0
0	822
0	0
0	0
730	92
17	4508
3	5288
2	4334
38	801
4	498
0	303
1	85
1	85
1	130
0	76
0	0
0	20
1124	0
0	15
0	15
232	1374
2819	0
2	154
4	120
0	147
4	120
1	139
5	0
0	99
0	144
26	1093
0	146
0	0
0	362
4	2486
3	1727
636	5954
3	2
16	238
0	230
1	230
22	1471
2	1
36	1733
2	0
21	1709
7691	0
38	1189
0	21889
0	21006
26	1554
88	1552
11	1646
796	0
11	6451
23	6163
58	6158
0	16
0	16
0	0
31	1996
2713	1
3	597
1	587
2	8
127	1316
23	272
0	8
69	2298
58	419
23	2262
41	2159
2647	0
19	10
0	335
0	1
1	0
3294	0
0	0
0	0
0	0
0	408
64	408
647	0
18	855
1	855
26	772
0	0
0	0
0	0
23	2
15	28
2	230
0	0
0	0
0	0
0	0
0	0
0	0
0	0
0	0
0	0
0	0
0	0
0	0
19	0
43	148
0	0
1	0
0	0
0	0
6	421
62	504
335	0
0	0
0	0
0	0
337	0
1265	0
18	3584
22	1858
455	1859
0	397
4	9
1	9
11	0
35	0
32	0
452	0
3	13
7	1218
33	1226
23	1224
5315	0
34	2
40	0
0	0
7	54
4	52
1	50
0	0
2482	0
232	0
0	0
9	7229
16	2646
14	0
0	2277
79	0
219	77
75	55
16	76
0	2395
451	6953
1410	7739
0	2144
6	102
2	82
0	82
4	79
1117	8367
0	0
9	1396
0	0
0	0
0	0
2996	0
0	0
4	0
6	0
1016	0
722	0
18	1141
36	660
24	660
436	1550
1	55897
682	756
457	0
16	3201
4	3201
8	0
0	13
48	2462
117	2430
3	1205
567	7983
7	291
0	0
0	0
0	15
0	1
0	0
0	0
0	0
0	0
0	0
0	277
5	251
2	251
7	1272
0	0
1	172
0	1
0	0
0	1231
9	737
0	1
0	1
0	1
0	1
0	1
16	2900
2	1305
1	1251
12	1230
37	1027
1	1060
0	1088
5	1065
0	1021
0	1019
6	1236
10	3129
4	2970
95	101
9	274
7	40
1286	0
37	395
54	1012
40	13
29	2509
20	839
431	811
88	811
0	1
0	0
37	2593
53	2601
15	0
1	39
1	25
180	0
0	17
0	0
0	314
0	343
0	365
0	343
0	344
0	313
851	8
9	2247
2399	0
29	0
0	0
0	0
0	0
0	0
1	4
0	4
0	4
3	1097
13	1101
12	814
10	0
0	0
18	3609
79	7185
0	767
3	736
0	827
0	796
1	716
0	0
4340	0
0	1773
8	1556
13	1411
1596	0
0	0
0	0
0	0
0	0
3681	0
1	3
0	19
0	0
22	7959
2	59
676	0
25	2420
1285	1
22	591
23	354
0	384
249	1
1	151
683	78
0	2
0	151
79	943
3	479
0	72
3	3
0	3
1979	0
0	0
0	10
0	0
100	2219
7	1709
1	1705
7654	0
6579	0
2	0
2	0
4	42
10	6219
11	4755
1	4755
0	2303
0	2333
1	2369
0	19
0	2314
66	7902
1	0
10	623
0	1
0	1
0	0
0	1
0	0
757	0
0	2294
0	2387
10	2334
48	1470
17	2371
27	1470
28	1352
1	1352
3	17619
21	17473
0	0
38	7
2	7
9	1971
1	72
5	2549
7	2417
0	0
0	72
5	2351
40	0
67	724
1	771
3	1139
2	61
0	1523
0	283
506	2
0	0
0	11
5	8
2	10
0	10
8	0
8	11
2	13
0	13
0	10
0	10
0	24
1	22
6	22
5	22
0	17
0	0
0	0
244	0
0	1
0	0
19	4260
0	0
0	0
237	1696
5	554
0	0
8	2191
5	2182
5	2192
4	2182
250	2977
758	0
0	0
10	975
21	895
3	0
0	0
0	0
42	0
0	0
0	0
3840	0
685	441
14	0
5	32
0	32
0	32
0	0
1	162
0	202
47	39933
24	451
61	601
2	432
989	2035
1	0
67	0
26	0
2	1201
40	0
3062	0
22	2
6	30
4	26
0	22
0	22
32	0
3748	0
1	766
3	0
13	2763
0	0
0	0
11	2281
0	0
25	0
8	1428
2	1320
0	0
4	0
28	1628
5537	0
0	2539
44	2498
10	2490
0	2635
0	2513
2	2041
7	2720
106	10861
0	2
0	4
7	54
0	1
8	0
0	0
535	0
6	0
19	0
0	0
7	63
4	898
11	923
2	871
4	2717
13	1038
32	1037
4	1001
0	0
60	0
167	471
2880	0
348	51
0	0
745	4508
0	241
0	0
5	212
781	0
0	2376
2	2698
6	2566
1	2413
0	2171
0	2208
176	693
0	0
0	0
0	0
0	0
1	1955
0	1
0	1
12	1847
11	394
0	0
47	0
22	1739
10	1916
55	1840
228	0
8	1963
3	1912
2379	52
0	0
0	0
0	0
0	0
0	0
1	1
0	1
1	106
32	63
0	189
2	161
1	137
0	1496
206	8
0	0
0	0
1	1631
2	4981
0	80
14	13
0	80
1	0
5	498
12	506
21	494
2	509
3	504
3	496
9	494
2	80
0	0
0	0
2	286
4	273
1	0
5895	0
0	15
14	1802
2	1702
237	115
0	0
0	0
0	23
1	55
1	11
6	832
0	11
0	4
0	27
3	27
0	0
1	0
9	0
14	0
8	1555
0	0
0	0
1	1538
0	0
9	1776
0	95
113	11
694	0
0	0
8	8
3	1093
0	3
1	0
21	343
0	0
0	8
385	2220
92	2220
51	0
1	5
0	5
0	6
9	0
0	0
0	0
0	19
1	25
0	21
0	24
53	20
0	0
0	0
29	0
0	4
1	0
0	4
4	4
172	1842
0	4
9	0
32	14
7	0
0	0
1	0
25	23435
164	22202
86	0
25	363
37	363
0	0
6	90
15	90
42	1377
0	1
0	1
0	1
0	0
0	0
0	0
1	4
0	9
10	5
1722	0
6	157
204	150
12	0
29	0
2	1
47	0
5	0
0	0
0	0
0	0
20	0
0	0
0	0
0	0
0	0
16	0
7	180
2	180
19	0
1	24
9	0
3	403
0	0
0	0
0	0
0	0
0	0
23	0
0	5
3	4
0	196
4	80
0	191
15	20
4	20
0	1
0	1
4	1
2	1
387	0
6	0
0	0
0	9
0	8
0	9
1	554
1	0
0	0
0	3
0	0
0	0
1	50
0	50
5	0
7	0
0	0
1	12
0	0
0	12
0	12
78	1322
3	152
1	99
5	0
19	53
0	53
57	49
68	49
0	43
5	19
0	0
0	0
0	0
0	0
0	0
0	0
0	0
0	0
0	1
0	1
0	8
0	5
0	13
1	13
0	1
1	1
0	4
0	111
3	0
309	0
1	0
0	0
1	1
0	1
4	1
0	10
0	9
0	9
0	4
0	118
0	104
27	117
12	126
19	93
3	112
45	99
0	0
0	0
0	0
0	31
1	31
1	35
0	31
0	0
2	22
0	22
2	0
0	0
12	13
0	8
0	0
0	0
49	9
34	0
0	0
88	0
0	0
21	2696
0	20
436	50
4	1
7	697
3	0
650	0
5	0
4	0
1	0
0	0
1	0
16	0
0	0
0	0
413	15
10	3388
15	0
0	233
0	142
13	63
3	63
0	0
4	0
54	496
12	474
12	445
3	393
11	411
8	0
2	0
1	0
0	0
2	15
6	15
3	15
0	0
0	2
0	2
0	2
0	2
8	0
0	13
4	1
39	0
0	1
0	0
1	0
7	4
0	0
0	2
0	2
103	9
5	20
156	2108
355	0
109	0
0	0
0	0
0	0
63	0
5	0
13	1
0	0
33	0
1	0
2	193
2	14
0	0
2	0
365	0
0	0
2	0
312	0
24	254
5	0
381	0
0	0
43	14
1	0
0	0
0	0
0	53
3	58
2	52
0	52
1	52
0	51
7	47
0	41
0	44
0	54
1	30
1	0
0	0
12	0
11	7
3	0
0	0
21	7
3	0
0	12
0	12
0	33
2	31
1	0
12	7
11	7
3	13
0	0
16	47
9	3
1	0
0	0
0	0
0	9
2	9
10	0
1	0
2	10
0	12
0	9
1	0
63	0
63	198
7	3
1	3
4	0
4	0
65	405
12	0
0	23
2	22
1	33
3	353
7	28
4	20
12	0
0	2
0	1
93	4713
49	0
34	2946
0	0
1	0
0	0
10	0
2	0
1	0
2	0
2	0
45	1
0	0
0	0
0	865
0	887
0	1479
0	1480
3	0
1	0
2124	0
1	0
0	0
0	41
19	0
1	23
30	0
0	0
6	132
8	0
19	592
10	588
6	0
0	0
2	0
17	28
0	28
1	0
0	2
1	14
0	14
0	0
8	0
1	0
10	24
1	24
21	67
1	0
103	48
2	34
0	34
142	42
0	3
0	3
0	3
0	3
32	87
9	87
1	0
0	0
0	244
0	256
4	0
0	153
0	0
14	13
0	0
0	0
1	0
42	309
4	324
9	138
0	1
0	1
3	0
2	0
25	0
17	0
72	0
2	0
0	0
0	0
275	0
12	0
0	0
0	1
1	1
0	1
0	1
2	0
0	0
0	0
0	0
1	0
344	19
0	3
0	0
0	0
0	0
0	0
0	37
1	22
226	412
0	22
11	360
15	369
21	330
3	368
1	355
3	32
29	0
1	0
0	0
0	4
7	0
6	0
0	3
1	3
0	3
0	3
0	0
370	0
0	14
0	0
0	0
3	0
5	1139
0	0
2507	2083
2	21
0	15
0	15
18	0
0	9
0	0
0	8
34	0
3	0
1	2
9	0
85	0
6	300
248	163
125	0
27	716
1	0
0	0
0	9
0	9
58	0
2	26
0	0
0	0
0	0
2	0
270	0
0	300
130	681
332	0
7	7
1245	0
0	0
0	0
326	35
4	3
0	6
0	0
4	5
0	5
161	0
0	14
5	84
171	84
0	0
132	0
4	0
1	0
8	26
6	23
0	25
2	24
98	90
0	0
204	0
5	0
0	0
1552	92
1639	64
3	49
6	74
0	17
13	17
0	17
0	93
0	93
0	0
0	970
27	1484
91	1485
2	1502
5	951
25	801
16	791
44	963
7	10
4	10
0	10
0	10
1	1
0	1
5	1170
0	1524
0	1520
2	1517
7	1511
2	1513
10	1511
2	1511
0	1511
0	1515
4	0
0	0
0	23
0	4
0	4
0	4
0	0
11	0
1	0
9	0
22	16
140	745
7	46
396	0
0	0
0	24
0	22
0	0
6	0
0	7
0	7
0	5
0	5
8	2
0	2
4	2
0	2
0	2
5	0
43	0
0	4
4	2
0	2
0	2
0	6
0	5
0	1
0	6
0	6
108	7
0	0
91	0
0	0
4	0
38	0
0	0
0	258
1161	173
0	0
0	255
18	234
0	0
0	6
0	231
168	0
55	0
0	0
4	670
64	0
0	6
0	6
93	0
40	280
0	0
3	0
6	0
0	0
0	0
0	4
0	4
2	0
6	0
0	12
1	0
2	203
3	57
1	190
13	44
1	0
0	0
8	139
0	114
2	139
3	138
21	126
0	94
0	24
0	39
0	20
0	35
18	3
0	0
0	0
2	15
0	15
0	8
1	0
2	21
3	914
12	891
2	911
56	841
0	1498
0	1355
14	13
12	0
11	0
4	5
126	0
43	1107
13	1144
27	1151
3	1144
0	1107
106	1064
35	1080
1	1170
1	1124
171	0
7	0
0	11
0	11
11	11
1	8
1	8
0	8
0	2
0	2
0	0
0	0
0	0
20	0
11	1199
2	0
13	0
2	1116
125	8
3	3
0	3
1	0
0	0
5	3
5	0
1	1135
0	6
0	6
0	5
0	0
2	0
72	6
4	1101
10	200
0	0
1	1099
3	0
8	0
2	0
0	130
0	30
0	130
0	130
0	23
1	12
0	12
0	11
838	1
0	5
0	5
109	790
625	1260
238	58
11	0
42	790
2	99
0	147
0	8
2	0
8	2462
9	2540
0	2540
0	0
58	790
2	1453
182	793
0	0
101	790
3	39
0	0
3	0
19	18
0	0
1	0
1	51
7	1982
3	0
0	4299
17	4038
2	562
11	522
6	551
2	555
4	560
10	552
1	553
0	541
1	0
34	204
0	0
11	3
2	18
0	0
0	14
1	7
1	11
40	7
60	1296
0	0
10	0
6	0
0	3
2	0
0	0
0	0
0	24
2	24
4	0
1	0
0	0
1	0
0	0
0	0
0	0
21	85
0	2123
323	2010
50	1934
12	1940
16	1830
8	85
202	2339
14	3143
5	0
8	1
0	0
0	0
1	0
0	50
21	906
144	906
0	6
0	6
0	0
3	0
0	0
5	0
58	4
0	6
1	6
0	6
0	6
93	0
0	50
6	7
57	0
26	0
92	0
8	0
246	0
0	143
7	0
1	945
0	1016
3	1010
2	988
0	933
0	0
1	0
1	0
0	0
0	0
0	0
27	0
13	0
1	6
0	3
0	2
1	0
13	0
32	0
9	0
16	84
12	84
10	1389
0	0
1	0
0	27
0	31
0	28
0	8
0	0
0	1
0	17
0	16
0	16
24	0
208	353
7	0
34	0
851	1036
0	2
11	11
0	2
2	0
1	5
20	5
9	196
0	28
1	7
7	24
0	27
0	7
0	0
0	0
0	0
35	0
2	33
0	33
1	33
35	34
16	0
15	111
6	111
3	111
0	0
7	125
9	128
0	0
0	75
0	0
0	0
1	0
0	0
2	1161
2	0
1	62
1	63
6	4166
0	4098
425	0
16	1221
1	6
3	0
30	0
0	4
0	0
0	3
0	3
0	0
0	0
0	3
2	0
0	0
2	2
0	2
3	318
130	1
0	0
0	2
0	17
1	17
0	13
0	0
22	0
0	0
0	0
7	0
2	44
0	90
2	27
1	90
3	30
0	30
0	0
1	0
0	0
2	0
0	17
0	4
0	17
0	14
23	5394
72	378
44	378
5	0
0	836
0	601
1	394
20	0
0	0
0	0
0	0
0	0
7	0
0	0
6	144
3	2
5	0
13	71
0	0
0	0
5	0
0	0
0	0
0	802
0	782
1	766
1	629
0	628
0	0
58	0
0	0
0	29
4	29
3	24
0	0
7	15
85	442
61	431
3	0
22	0
0	2
5	0
0	0
6	6
0	6
360	21
25	3
4	0
0	1
0	48
0	1
12	2
0	226
0	217
0	223
4	154
4	231
0	242
2	226
0	213
9	232
3	221
1	215
0	237
0	135
1	137
34	1
5	0
1	0
23	0
0	0
0	0
2	0
0	0
0	963
1	949
5	949
5	922
0	0
1	0
41	0
3	0
10	0
0	0
0	0
38	1077
0	2
0	0
116	30
1	125
5	73
8	114
0	0
1	0
0	0
0	2
0	2
745	0
2	0
0	0
3	245
8	14
1	0
0	7
0	0
0	16
1	13
0	19
2	19
0	14
0	15
1	19
0	13
0	0
0	0
41	51
2	51
1	0
1	0
8	0
14	0
17	0
0	0
5	0
3	0
0	0
0	0
0	507
2	487
2	505
2	466
16	0
4	0
2	0
1	6
1	11
0	4
4	0
5	0
0	0
0	4
0	1
0	1
8	9
1	13
6	484
4	2605
19	0
122	0
0	0
2140	68
41	66
1	68
10	66
373	3387
35	2006
3	2145
0	2
14	0
69	0
1	19
60	4
2	7
3	6
603	4242
181	1
3	3463
11	79
2	80
0	77
0	0
0	12
2	0
0	22
1	22
38	3128
1	82
5	1
3	0
2	3247
0	3247
3	0
0	0
0	2
2	2
0	14
0	0
0	0
0	0
26	3
0	0
3	0
1128	1
23	0
0	0
233	0
0	17
14	24
1	17
2	16
1	53
2	11
0	40
4	1
7	0
0	0
0	1
0	1
0	1
0	1
2	435
4	0
0	0
0	0
0	0
13	1
0	1
56	0
19	388
0	203
0	0
3	196
17	186
0	0
0	0
0	0
0	295
1	0
3	0
178	16
6	0
177	1821
0	0
0	20
0	0
1	0
0	0
0	0
0	295
1	300
4	295
0	296
0	301
11	295
1	284
0	0
0	0
0	0
64	328
10	0
0	0
0	0
2	0
0	0
0	0
65	51
3	14
2	24
24	0
5	241
51	0
20	1
0	340
9	331
14	812
0	0
0	0
0	0
0	0
0	0
20	0
17	0
62	14
0	0
0	0
3	3
723	1
16	0
15	0
1	0
0	12
0	12
0	12
0	12
0	12
0	11
21	0
0	0
0	0
11	0
0	17
0	17
0	0
94	0
0	0
1	0
23	0
8	0
0	0
2	0
0	3
1	3
1	177
1	138
3	151
0	0
10	1
0	0
17	4918
0	0
0	2
0	2
0	4
0	4
0	0
0	0
0	749
1	749
0	0
0	0
1	10
12	0
3	43
7	43
5	41
3	41
2	41
1	1
0	0
5	0
15	0
3	7
0	0
15	30
3	273
5	206
4	273
6	0
0	92
0	96
35	0
11	0
0	268
4	261
4	264
2	265
3	261
1	235
522	227
6	195
3	202
2	0
8	0
30	90
0	415
21	355
0	413
7	408
12	354
7	406
2	402
4	352
3	338
1	351
2	6
1	0
0	4
4	218
44	46
3	189
0	11
0	6
0	0
0	0
11	299
153	0
0	2
0	1
0	1
0	20
0	2
19	2
13	6075
0	20
58	124
0	3
7	891
0	3
15	886
2	871
0	20
0	20
0	0
0	92
10	0
148	0
0	0
107	12
1	0
0	332
1	325
0	325
1	322
0	3
0	3
42	15
3	15
0	13
13	7
106	1040
0	149
0	136
3	151
6	149
1	127
0	143
16	2
1	0
0	0
272	13
7	2707
47	2620
21	0
52	338
2	3
1	3
1	0
0	0
0	0
0	0
3	1291
4	1312
154	0
119	228
20	223
35	206
28	210
3	270
2	231
6	219
0	0
3	1074
3	0
0	0
0	21
3	21
1	11
0	23
0	20
0	3
0	3
0	3
0	3
2	3
89	0
3	0
0	0
0	0
1	0
5	2461
2	16
0	10
4	8
0	10
5	5
0	0
19	0
3	62
16	61
52	61
6	0
2	0
1	0
34	0
1411	0
4	0
18	0
4	0
10	0
0	0
15	28
1	28
1	0
0	0
20	35
6	33
143	8
5	0
2	2
1	3
1	0
0	0
0	0
25	0
40	9
0	52
0	296
1	55
0	6
0	5
0	0
0	0
0	6
16	112
59	67
16	103
104	0
0	0
3	0
18	3
11	0
0	4
0	2
4	2
0	0
7	25
1	0
0	4
7	4
0	0
182	0
5	3189
11	0
0	0
5	0
4	0
0	0
0	0
16	2061
30	9958
18	11
13	11
2	38
1	3
0	3
1	0
0	0
0	0
0	0
0	0
9	0
1	7
0	0
0	2
0	2
0	1
0	51
0	51
0	51
0	51
0	0
0	51
0	51
2	0
2	0
0	0
0	28
0	28
0	25
0	28
0	0
0	36
1	36
0	36
0	36
0	36
0	36
8	0
33	146
8	146
3	1
4	0
31	0
1	494
5	45
54	48
684	1637
19	0
35	35
18	2
2	0
0	2
0	2
0	0
1	277
10	3
6	705
4	778
1	778
21	610
2	726
0	753
0	610
59	566
0	0
1	0
1	52
4	10
18	91
3	91
9	0
7	0
0	34
5	34
1	0
0	0
0	0
0	0
0	25
1	20
1	19
0	19
0	19
0	0
0	0
1	0
58	0
0	0
1	0
0	99
0	99
0	0
14	0
0	1
7	0
9	21
5	0
7	288
41	0
1	0
0	5
0	5
4	14
3	12
3	11
1	208
0	6
33	0
0	0
0	58
5	55
0	26
0	26
9	0
0	0
0	1
0	0
1	11
2	11
0	49
0	0
1	0
0	27
2	17
0	24
0	24
5	22
3	7
57	547
177	824
4	0
5	7
0	0
0	0
35	1
13	2059
15	2015
11	6
7	546
4	0
2	8
0	242
0	1523
19	1332
0	1516
2	1513
1	1361
0	1410
9	1270
6	1389
2	1299
16	1456
4	1138
1	1146
2	920
6	1109
2	1356
4	1356
72	832
40	836
1	1330
1	1045
1	707
2	1043
5	485
0	703
85	696
1	687
25	685
1	1102
1	1098
2	0
70	2
0	0
162	0
1	0
0	0
1	0
1	1
1	1
3	0
1	0
0	0
0	0
6	4832
14	765
54	19
8	19
5	0
5	0
33	1
14	0
0	0
0	46
0	46
0	46
0	46
0	46
0	46
0	0
150	481
55	0
76	12
43	1015
0	22
1	2
0	2
0	0
256	0
0	7
34	7
1	0
0	89
3	87
0	82
2	83
1	81
0	0
0	0
9	0
3	990
57	931
156	0
62	134
13	7
0	1
3	9
1	15
2	14
22	13
0	337
2	1345
0	295
8	0
13	0
6	0
0	0
31	0
0	0
5	103
2	139
5	140
0	71
3	103
3	0
469	0
1	0
5	3630
0	0
52	0
1	95
0	0
0	0
17	104
4	168
2	1632
19	0
47	58
10	0
702	1028
84	1602
1	36
0	0
2	175
0	3
3	0
1	0
0	3
0	0
0	0
0	0
0	0
60	1065
2	0
2	0
39	305
0	0
0	3
13	0
0	0
0	0
0	0
0	0
0	6
2	0
0	15
7	0
42	0
0	0
13	0
2	2
13	0
1	14
2	14
4	5
0	29
18	0
0	25
0	22
0	0
1	28
1	28
0	12
62	91
0	29
25	54
616	1
12	141
1	141
3	1
0	1
0	210
1	201
0	202
27	5823
8	0
4	0
79	1
2	0
1	0
0	0
38	0
0	0
2	86
7	0
0	0
0	0
0	0
0	0
0	0
0	0
0	0
13	0
3	0
8	0
12	21
1	110
68	154
100	155
2	19
54	214
51	220
4	220
42	0
0	0
6	0
6	0
14	60
0	0
0	0
5	0
0	0
0	0
2	0
8	0
0	0
0	0
0	0
0	0
0	5
0	5
144	0
0	0
10	0
2	0
1	0
0	3
0	3
0	3
0	58
6	57
0	57
4	56
4	43
2	48
12	0
0	0
0	0
6	0
4	0
0	0
1	0
7	0
142	1433
3	0
1	0
0	0
0	0
4	0
0	62
40	35
0	23
0	23
0	3
0	3
1	25
9	0
8	0
58	16
1	25
4	98
15	85
2	88
0	38
16	36
2	3
5	3
0	8
0	0
26	0
9	0
6	2
0	0
0	0
0	0
0	0
0	0
0	0
0	0
0	0
17	0
0	19
4	174
6	136
2	0
0	0
0	0
38	264
30	264
11	0
13	0
1	0
1	0
16	4362
1	0
0	8
1	13
0	0
0	13
0	0
1	13
0	2
0	0
0	0
348	0
7	9
0	9
1	102
0	1
15	1
2	102
1	0
17	0
0	102
3	0
0	0
25	0
14	0
0	1
2	1
0	0
4	183
0	0
6	0
1589	0
9	172
0	0
18	35
8	12
0	35
5	30
1	35
18	77
7	77
0	84
2	0
11	0
0	62
0	62
52	0
873	74
41	0
20	403
4	261
15	347
8	283
7	312
1	283
0	0
0	0
130	51
0	0
46	0
0	0
0	86
95	0
2	394
0	1
0	1
0	1
0	1
0	20
0	20
1	0
0	0
0	0
0	0
0	0
9	59
0	0
0	0
0	0
3	16
0	45
8	27
0	3087
14	2669
3	0
0	0
0	21
158	15
9	0
15	149
4	0
1	0
60	0
2	171
4	124
0	104
7	133
15	142
0	72
7	151
91	0
0	19
0	19
1	17
15	0
2	298
14	40
13	0
96	4
0	1
2	0
0	0
0	0
0	0
0	0
11	0
2	16
0	0
0	10
0	10
1	9
0	1
0	1
0	0
0	0
0	0
0	0
0	0
0	0
1	573
2	30
0	0
0	0
0	2
23	12
0	131
2	111
0	0
0	0
0	0
0	5
1	5
0	5
0	4
0	5
0	0
0	0
0	0
0	0
4	0
0	177
2	0
0	0
1	0
23	0
0	0
85	0
1	1
0	1
13	350
59	3563
0	19
0	0
4	0
10	0
3	2
0	0
1	0
0	2
0	2
1	2
0	0
0	1
2	0
80	138
0	101
8	111
17	0
29	0
0	0
0	10
3	0
6	6
0	10
0	806
0	6
5	1049
1	10
93	48
15	4
3	23
168	0
0	3837
2	0
0	1
2	1
253	0
12	0
1	1
10	0
6	0
0	0
4	0
243	446
40	1
25	696
491	0
19	0
174	0
4	0
3	0
43	0
83	0
0	0
104	4
0	0
2	175
2	151
62	8
0	0
3	0
15	0
5	2
15	2
0	1033
152	1721
0	1153
0	1153
0	1153
0	1152
2	0
0	0
0	0
0	0
234	75
0	0
2	937
2	206
0	206
0	0
1	0
4	0
7	0
14	0
89	0
0	605
1	603
11	603
1	451
3	603
1	596
4	591
4	568
1	535
1	534
2	46
0	0
0	0
3	0
3	0
2	21
4	3
4	3207
0	0
0	0
10	331
1	0
8	0
0	81
0	70
21	27
0	0
0	0
73	65
16	0
2	1005
2	58
1	2
3	4
0	4
1	0
0	0
0	0
0	0
0	0
0	0
0	195
0	193
0	192
0	190
0	166
0	105
6	180
17	190
12	61
6	75
1	75
0	80
0	81
0	80
0	71
0	70
53	60
11	57
3	77
11	169
0	181
0	178
3	176
0	0
0	100
0	99
5	97
2	97
1	97
0	90
0	0
232	5
0	299
5	238
2	291
21	289
1	291
3	0
2	0
0	0
23	0
42	0
0	0
3	1
67	0
0	21
1	0
37	0
0	0
3	347
63	62
116	62
1	0
814	2824
0	2296
4	188
3	27
3	26
1	0
1	19
0	20
0	18
0	0
48	36
0	76
0	0
3	0
1	0
142	1
492	14
104	0
0	0
3	0
2	0
0	0
0	0
0	0
0	0
0	0
7	0
23	1
0	0
2	0
0	1
0	1
1	0
0	0
0	0
0	0
2	0
0	0
0	0
0	0
6	0
0	0
6	39
0	39
0	34
2	33
1	25
1	92
3	92
6	37
0	37
25	25
27	18
0	0
0	0
0	0
352	62
80	62
0	0
0	0
2	0
29	0
0	0
1	3
0	3
0	0
0	0
44	0
0	1
2	1
0	0
4	30
3	33
2	33
210	0
5	0
0	0
37	57
1	0
0	0
0	0
8	68
0	0
0	0
0	0
1	0
1	0
54	44
12	34
24	212
0	373
3	368
1	378
0	375
1	377
0	0
7	55
7	55
50	0
0	0
0	0
0	0
1	0
6	17
102	3354
0	36
4	23
2	38
0	32
1	33
0	29
0	25
1	3209
1	34
29	1
0	3206
0	0
104	0
2	0
0	5
1	5
0	5
0	0
0	0
3	0
0	0
30	0
10	0
7	0
3	248
0	0
0	0
0	893
3	312
109	117
92	117
10	302
3	117
19	288
2	313
4	308
55	267
6	154
1151	498
27	23
302	26
18	231
0	0
173	0
0	0
0	0
0	0
1	0
8	3
0	0
0	0
0	0
7	0
0	0
3	0
20	0
10	0
0	38
0	48
1	37
0	37
0	37
1	40
0	33
0	314
1	252
1	0
1	0
0	0
51	14096
9	0
0	0
2	0
6	0
20	0
7	0
14	190
11	0
0	250
0	0
3	13
2	13
576	1
0	1
0	0
0	16
0	16
0	16
2	27
1	27
57	27
16	82
0	0
4	1470
1	0
4	17
3	0
1	0
0	0
0	0
0	0
0	2
0	0
0	2
0	2
0	2
0	0
0	0
47	0
0	62
1	62
1	0
2	274
0	0
0	831
3	808
2	805
8	790
8	658
16	782
38	0
1	0
12	0
2	4
17	10
0	3
0	3
0	0
3	10
0	10
0	0
8	0
0	16
24	0
0	0
0	0
9	0
0	0
2	5
4	0
0	53
14	53
1	47
150	0
0	14
0	14
0	14
198	12
145	0
0	2
0	0
0	0
10	0
11	0
2	125
2	7
0	0
2	1
2	1
1	0
0	0
2	0
0	0
36	1529
0	1704
0	1709
1	8
1	16
0	362
0	365
5	359
2	360
1	359
1	258
0	358
0	357
0	335
0	245
0	245
0	323
0	242
0	279
1	219
0	279
0	265
0	216
4	162
0	353
0	234
0	162
0	162
0	32
22	22
0	22
56	20
0	0
2	0
0	0
0	0
4	0
2	0
5	0
114	64
0	0
1	6
0	0
1	0
1	15
0	0
16	0
0	7
5	0
0	24
0	0
0	0
0	273
23	222
11	267
1	269
0	409
2	383
5	389
1	402
7	402
0	0
0	0
0	0
0	0
0	0
0	0
0	0
44	0
0	0
64	0
3	1
106	0
1717	322
102	24
1	0
0	0
0	0
0	1
0	0
0	0
0	0
1	3
0	3
8293	118
1	3
8	3
2	0
2	0
3	242
1	242
0	203
0	192
0	0
0	3
0	3
7	0
10	2
0	21
1	0
21	0
0	210
0	210
256	0
0	75
1	70
0	69
0	0
0	61
0	61
17	74
12	64
0	0
0	0
0	2253
34	0
0	0
0	14
0	14
28	264
21	0
61	0
0	0
0	0
0	0
0	0
2	0
1	0
6	2481
11	281
11	281
10	0
8	0
29	0
4	0
0	155
0	153
0	0
71	23
2	30
0	0
0	0
0	0
2	3
4	0
12	22
0	9
0	9
7	0
21	0
4	0
14	0
12	0
0	0
0	0
0	0
0	0
1	0
0	0
253	0
0	0
1	2
0	9
0	0
0	54
0	53
0	54
0	0
0	0
1	0
9	4
0	0
10	0
3	0
39	16
4	0
0	0
0	0
2	0
1	0
4	0
2	0
2	0
0	24
1	0
0	0
11	89
0	0
3	2
0	281
4	268
8	267
14	263
104	60
13	0
19	0
2	720
0	728
1	739
12	723
1	742
2	729
1	745
8	703
11	701
2	693
4	690
0	690
0	682
2	661
4	676
114	631
3	633
98	680
0	683
10	631
14	175
64	148
4	173
1	605
9	604
0	584
0	583
0	601
4	571
4	567
0	568
1	12
105	0
0	2
1	2
5	0
2	271
3	0
1	4
1	3
0	3
0	14
6	32
0	0
1	0
0	0
33	0
0	0
2	2
7	2
0	0
0	0
170	9
1	1
0	0
0	4
0	4
0	0
0	0
3	0
0	0
1	0
65	5062
69	0
781	0
0	1
0	1
3	8
0	151
0	4
0	153
0	153
22	0
10	0
59	160
0	0
0	0
15	1092
1	0
0	0
0	0
0	0
0	39
45	28
0	39
0	39
0	39
0	0
1	0
0	0
1	2
0	2
0	7
40	80
1	80
0	51
0	44
13	49
10	0
11	69
418	38
0	69
0	69
0	0
0	68
0	67
0	64
1	64
0	41
1	64
0	41
1	39
1	0
2	79
19	0
147	393
5	393
5	0
4	1449
0	0
0	0
0	0
3	741
70	739
7	737
0	0
0	2
0	0
2	0
9	0
113	2378
209	932
0	4
0	2
4	0
1	88
84	102
0	394
6	391
0	45
3	0
0	0
17	7
2	6
0	7
9	5
3	3
4	3
0	0
114	101
1	0
9	0
0	0
0	0
0	0
17	0
0	114
0	78
25	78
4	0
1	862
0	0
23	0
62	3282
0	0
0	39
1	39
7	41
3	41
0	1
0	1
3	930
4	932
0	0
0	0
0	497
1	65
0	74
0	125
4	64
0	0
0	0
40	49
0	91
0	2
0	0
488	0
0	0
0	0
0	0
0	0
1	0
1	21
7	21
16	197
143	0
1	0
1	0
7	55
0	55
0	0
0	0
6	0
847	0
2	0
0	0
16	35
1	570
0	568
28	84
10	100
0	21
0	23
0	24
1	18
14	17
1	20
2	21
1	21
0	17
0	3
2	120
10	575
38	0
2	0
2	4075
52	82
25	82
0	0
0	0
0	0
0	0
0	0
0	0
0	0
0	0
0	0
0	0
0	0
38	0
35	12
0	0
2	0
1	17
1	17
0	0
98	0
16	115
5	115
1	88
1	0
0	3
0	0
0	3
0	5
0	2
0	0
0	4
7	0
1	2
15	0
0	20
0	20
4	105
0	105
1	0
0	0
25	0
44	160
23	160
0	23
0	23
19	0
2	0
1	118
3	0
9	578
1	421
0	18
4	23
0	0
13	975
0	965
1	965
1	977
0	961
10	956
0	0
0	1
1	1
2	1
4	493
1	26
9	0
8	127
0	0
1	0
0	0
0	1
0	1
0	1
0	0
1	1
0	0
0	0
0	0
7	2
0	0
215	0
17	1117
14	0
0	16
3	15
0	0
155	0
3	35
8	28
6	28
0	0
0	0
0	70
0	0
0	5
0	5
3	0
0	39
2	34
1	39
7	0
10	5
59	118
16	0
25	0
13	0
0	10
3	0
20	1578
4	0
3	218
6	0
1	0
0	0
3	0
6	0
0	0
17	0
0	8
0	8
0	0
0	559
0	3
0	0
0	0
13	3
0	3
69	8
1	3
1	6
0	6
2	14
0	14
3	0
2	945
7	2
0	5
3	80
0	249
1	200
8	236
3	236
11	226
6	168
0	150
0	0
0	4
0	4
0	10
0	10
6	0
48	11
3	11
13	11
0	15
0	15
1	15
2	2
0	2
14	0
0	33
0	233
1	181
3	201
7	152
10	217
0	217
8	124
3	75
2	132
0	0
0	0
6	0
5	0
0	0
0	0
144	0
654	0
0	0
0	0
0	0
0	0
3	0
2	29
0	30
3	0
31	3
0	0
265	6
0	0
0	0
0	0
0	0
0	0
0	0
0	0
0	0
37	2
0	0
0	2
0	0
0	32
52	32
14	0
0	32
2	34
0	21
21	0
3	628
3	1
1	3
0	0
28	0
1	0
19	0
2	44
5	0
8	938
299	2
6	383
0	0
0	0
0	0
0	0
0	1
467	0
0	569
0	0
33	0
1	14
1	0
0	0
2	0
19	41
31	41
3	41
0	11
0	11
0	11
0	11
17	0
0	0
3	0
7	29
0	312
16	5
4	5
0	0
0	0
0	0
0	0
0	72
2	71
2	71
0	89
92	0
171	0
0	7
13	11
34	4
3	0
0	0
4	198
10	0
0	0
38	43
0	0
5	0
0	0
2	0
0	0
3	69
605	0
0	42
0	0
0	0
0	0
0	0
3	12
12	257
1	264
2	257
2	260
2	215
778	35
182	0
19	0
52	0
2	2
0	2
1	0
5	9
30	646
670	646
31	646
28	685
1	197
3	207
0	0
2	0
16	2
42	0
2	0
0	0
16	0
6	1
1	0
13	0
1232	1897
38	0
0	86
2	85
47	0
2	251
0	33
0	3
0	1
0	3
1	4
0	4
0	4
0	4
0	4
0	4
0	4
1	4
0	0
17	507
108	519
0	0
0	18
0	0
3	0
0	19
0	13
1	0
38	0
3	0
0	3
0	6
0	6
0	2
5	0
0	2
0	2
0	2
0	2
1	2
0	0
0	0
0	0
0	0
0	0
0	0
0	0
0	0
3	135
17	0
15	61
4	62
0	57
16	47
2	0
4	0
6	422
0	0
3	0
0	256
0	2087
0	0
4	0
39	1859
4	0
7	0
48	588
91	2912
43	840
8	708
29	0
2	540
1	0
94	0
6	0
15	2128
67	4070
0	0
0	0
0	0
19	0
255	117
53	16
8	0
0	0
0	0
0	0
39	0
0	0
0	0
47	1934
3	0
4	0
0	0
0	0
10	0
0	0
0	0
8	4
5	4
0	2
0	1
0	2
1	2
0	2
2	0
0	0
10	4
4	1
50	39
9	0
6	0
1	0
8	0
3	0
14	0
2	15
4	5
0	8
15	0
0	0
0	0
0	0
0	96
3	96
1	94
0	0
0	0
0	0
13	3
0	9
2	3
2	8
0	0
0	0
2	13
0	13
0	30
1	25
32	73
0	7
0	0
0	0
0	12
12	10
2	3
0	0
1	12
1	3
0	3
12	0
4	0
0	0
5	93
0	172
0	53
2	48
28	1
2	0
0	0
119	230
3	0
12	0
3	8
37	0
0	50
9	49
0	46
1	49
0	0
0	20
2	11
0	18
9	7
3	0
5	0
11	265
14	265
15	21
9	0
3	3166
0	0
8	9
0	9
0	9
0	9
3	1
1	0
637	0
84	11
64	0
0	0
0	0
115	1036
0	0
0	36
0	36
0	36
0	36
0	0
0	0
0	0
7	4379
1	0
8	0
991	1
0	0
0	0
0	0
4	5
9	4379
126	0
7	0
0	15
0	14
1	12
0	11
69	0
0	90
0	16
0	90
0	16
0	0
1	0
38	0
0	6
0	20
1	20
0	20
2	0
1	0
0	84
0	87
2	87
0	84
1	73
0	74
0	73
0	73
199	14
41	0
0	3
2	3
0	4
0	4
0	4
2	2
1	0
0	84
0	56
9	67
0	56
1	52
44	0
0	0
0	0
0	77
0	116
1	115
0	43
4	63
4	28
2	40
8	63
7	54
1	25
0	55
18	27
8	28
2	48
0	49
4	42
0	41
88	6
0	0
0	1109
173	0
366	0
0	0
0	0
0	0
0	2
3	0
0	0
1	0
518	0
0	0
124	14
1	8
0	8
4	0
0	279
1	0
0	3
2	18
0	33
0	1
0	0
7	0
0	901
1	879
0	11
1323	0
1	0
3	0
7	0
22	0
4	18
6	18
0	14
0	0
48	0
6	0
7	0
54	0
51	503
3	500
20	41
11	41
1	72
1	72
5	69
0	18
17	0
691	0
22	0
0	3
2	4
28	6
1	1230
0	0
12	20
8	280
5	290
15	0
11	0
64	79
0	0
2	5
3	0
5	1
1	0
1	0
0	0
34	0
3	0
1	0
15	25
0	8
0	8
1	31
0	63
0	53
8	54
0	55
4	46
1	55
1	46
0	62
47	0
0	15
0	15
213	1580
0	0
85	0
3	1
0	0
0	0
1	102
3	29
7	0
72	32
1	212
36	165
2	211
131	182
0	197
1	197
209	15
18	147
22	215
81	0
12	44
0	0
0	0
0	0
12	0
3	199
0	0
1	0
0	8
3	0
0	0
7	1825
13	2
4	1825
1	10
0	45
3	3
0	0
19	1
0	1
0	1
0	0
0	0
0	0
0	0
0	0
0	0
26	7
0	0
0	0
0	6
29	95
0	23
2	23
0	22
0	15
5	13
61	0
33	92
39	84
3	0
3	0
11	0
14	262
13	96
178	24
187	24
3	138
0	136
0	135
1	125
0	129
9	112
3	0
2	0
77	155
36	0
0	0
4	0
31	934
35	1071
0	4703
5	5567
1	4695
27	4946
10	5191
0	47
0	4
1	4
0	4
1	4
1	0
0	4
0	0
0	4
12	0
72	0
0	0
13	0
0	0
0	0
1	0
11	0
26	0
0	0
1	0
0	0
0	0
4	0
1	1
63	1
59	0
0	0
0	0
0	0
23	0
0	0
0	29
2	0
0	0
0	112
1	100
0	76
2	100
75	0
6	43
282	0
6	0
2	0
16	0
0	3
0	3
26	61
3	61
0	0
48	1766
108	0
0	1
214	0
1	43
13	28
0	2
1	14
19	0
1	0
313	24
3	0
4	0
2837	2
0	0
53	3
0	0
0	280
2	3
0	3
1	14
17	13
0	0
0	2
26	281
0	0
15	0
3	0
19	39
24	39
0	4
93	0
1	2
2	2
3594	0
137	0
1	4
0	4
293	0
2	0
0	0
26	0
0	0
1	3
2302	0
894	3441
1	370
3	368
1	367
804	0
137	0
3	4
325	0
3186	0
109	717
6	14
313	50
187	2083
3	74
27	0
6	21
0	9
0	2
0	0
4	474
145	67
16	0
4	0
11	56
0	10
191	0
78	0
0	0
0	0
43	17
34	0
189	11
0	9
1	26
7	25
10	0
0	0
5	0
460	5
1	37
8	522
0	510
0	522
8	0
3	17
275	0
0	0
120	0
116	0
4	1
0	0
0	0
2	49
114	0
174	196
10	191
3	196
618	0
0	1
49	0
0	0
72	0
1	0
2	10
1	0
1077	851
9	1
4	0
0	0
0	0
66	0
0	170
2336	0
23	2
0	197
0	31
35	31
1	32
2	19
7	0
1099	0
21	0
5	0
87	91
122	2
10	94
52	335
3	311
9	233
32	206
6	215
31	190
4	255
7	16
0	1
1	21
1	2
35	25
40	25
0	0
31	0
171	0
1	0
0	3
284	377
0	99
0	8
14	11
430	40
0	0
0	1
3	0
0	0
12	1
0	346
1	19
22	19
2	2
269	266
61	266
0	3
395	0
46	0
6	47
0	7
4	23
947	0
0	1
6	40
27	15
0	0
0	70
0	0
10	435
0	1
0	5
23	81
0	1
56	4
0	1
0	0
0	2
29	0
0	0
0	0
0	0
0	3
31	0
16	99
8	317
13	280
11	0
267	745
12	1105
0	24
4	2
1	3
4	3
0	9
4	0
21	2
1	6
2	233
0	0
0	0
11	0
6	801
0	801
0	0
0	0
0	0
1	280
10	0
1	920
345	561
15	90
54	19
0	90
4	12
51	36
3	3
1	0
88	0
0	4
0	4
0	4
0	4
23	73
1	0
1	160
1	133
0	0
0	8
30	924
3	862
12	851
7	13
2925	0
64	0
1	0
0	9
1	9
0	8
748	0
115	3098
895	625
2	0
3	108
5	108
2	0
10	0
10	0
79	0
2	0
3	3
0	0
8	0
4	0
1	0
9	365
0	413
2	294
1	303
2	0
0	0
1	15
21	1261
0	1261
0	1261
0	144
7	141
7	107
12	79
20	57
54	8
5	2526
12	0
1	52
0	87
3	87
0	0
132	4259
0	39
5998	34
284	0
8	553
0	563
176	0
6	0
273	10
11	1
14	42
0	18
3	3
0	2
0	0
5	1988
94	7819
12	724
17	0
81	17
4	0
1	32
0	32
1	12
6	324
6	27
0	0
1317	0
25	16
16	960
11	0
0	444
184	0
6	0
9	0
1	44
5	6
2	3
3	0
0	0
0	0
200	247
1	0
0	0
25	0
182	0
45	1
20	196
3	185
15	189
0	40
4	37
0	35
2	33
3	17
33	308
4	0
21	3152
143	0
1	75
1	74
1	62
0	62
6	2
2	4081
3	4111
8	4060
0	0
6	0
0	0
1722	8062
405	8063
238	8063
1	6
0	0
2	81
103	81
1	4
3	728
14	763
21	0
0	2
0	0
0	0
3	348
1	0
333	0
1	0
0	41
0	44
7	88
0	33
0	40
3	33
0	89
0	8
2	8
8	0
1	628
0	391
2	377
10	327
9	0
578	0
0	0
34	15
0	0
0	812
0	0
5	0
94	321
8	15
0	1
0	48
0	1
2	718
0	211
1	379
2	386
0	406
8	103
3	89
7	88
509	0
1	0
0	0
45	872
12	941
0	0
0	2
6	0
0	132
0	0
0	245
6	244
0	0
0	0
0	0
0	7
6	0
11	10
14	0
42	0
2	0
0	0
14	0
72	0
19	82
2	0
4	0
105	172
52	447
28	0
1	0
6	0
48	70
8	0
0	11
82	10
0	19
0	111
1	115
0	17
0	111
0	111
0	4
0	4
0	4
0	4
0	0
0	0
0	0
0	0
5	22
3	23
129	0
1	2609
0	2599
3	2605
2	2594
498	0
29	0
0	19
1	7
0	1
0	0
0	407
20	0
3	5
0	0
0	0
0	14
142	95
11	0
1	0
0	54
0	48
2	47
0	1
2	1
1	24
0	0
18	574
4	56
34	1821
3	20
8	305
4	271
3	268
0	280
11	53
5	276
0	0
27	343
18	342
9	328
4	0
0	0
0	0
16	3
11	0
55	44
10	14
0	0
2	334
0	326
1	0
78	797
31	677
12	619
1	584
11	555
2	435
9	396
0	278
22	0
7	0
15	0
1	0
2	0
0	0
188	38
167	235
275	11
175	0
3	5
8	5
0	0
73	0
0	0
1	0
58	0
44	6
39	14
6	0
18	41
0	0
0	0
0	0
4	91
0	6
1	7
0	6
13	268
0	278
3	87
12	90
0	87
121	5
13	11
26	88
23	90
15	94
2	93
9	87
1	93
4	91
1	91
3	246
95	208
2	217
113	0
0	3
18	359
1	181
0	179
18	0
0	20
1	20
4	178
1	10
0	2
0	899
12	589
71	646
7	635
6	874
10	415
1	184
11	179
9	172
38	0
7	0
38	3
2	4
0	2
0	2
15	0
0	3
41	13
18	0
2	3
11	3
0	306
299	1319
24	1266
74	61
0	0
90	61
6	3
0	3
0	0
31	90
0	0
131	28
35	1312
10	0
0	0
36	20
60	20
0	0
2	0
0	7
13	30
9	22
20	17
49	0
4	16
0	16
13	0
30	0
6	1095
79	291
97	0
5	14
0	0
0	0
0	0
85	0
1	0
39	0
14	0
87	0
48	0
1	51
0	7
1	296
1	25
18	0
111	0
46	0
983	1
0	1045
1	0
3	0
3	38
1	7
16	4
5	10
18	1212
57	0
0	12
0	12
11	45
0	3
0	0
0	0
69	2882
21	5
6	0
7	110
48	1
58	764
1	545
0	905
2	0
193	19
21	4
7	10
0	211
0	209
4	209
3	130
7	204
5	207
0	0
0	25
0	25
192	0
3	0
2	0
0	1
0	0
0	99
49	115
38	622
0	0
3	192
9	1296
1	125
0	13
0	212
4	207
2	174
1	199
0	0
0	0
0	0
981	0
23	0
11	0
0	54
0	56
46	0
27	342
151	224
4	49
17	0
9	0
0	7
4	7
920	4
0	202
3	1088
4	183
32	0
12	0
28	0
765	0
174	0
954	0
32	0
0	46
0	46
91	6
3	1
2	22
1	3
0	0
2	7
23	58
0	0
42	1
25	839
8	404
0	74
11297	9
1	1005
12	832
50	134
0	1
5	9
1	15
0	13
1	0
86	20
17	0
0	0
2	95
1	0
0	1
14	2325
105	2533
3	13
1	13
0	25
1	36
1	3
0	0
0	0
0	0
43	0
0	0
0	1
0	1
16	0
66	328
0	3
128	0
0	6
4	0
8	2
18	76
14	5
17	0
4	0
294	5931
7	0
302	0
16	0
12	37
3	37
21	52
12	52
8	57
0	57
1	11
8	11
0	0
7	0
0	0
33	0
0	240
3	178
2	19
2	19
24	0
18	397
61	2
1	0
0	38
209	141
0	15
0	15
2	0
5	0
0	0
53	0
11	2
9	2
16	8
2	248
0	186
0	0
9	0
10	0
0	0
35	0
0	14
1	13
0	12
0	12
2	0
0	0
28	12
73	0
1	3
0	3
0	2
0	2
9	25
5	0
37	0
2	0
62	0
1	0
0	0
2	4
0	4
164	238
0	0
0	0
0	2
1	0
3	0
55	245
6	882
62	0
35	0
14	0
102	17
140	0
13	440
52	0
0	0
0	0
307	0
0	26
0	0
45	0
11	2
10	2
191	54
154	421
0	0
0	0
7	86
7	3
2	3
0	84
1	65
9	82
1	29
4	404
16	29
1	394
0	0
267	0
0	0
0	0
0	0
5	0
0	0
0	0
30	0
5	0
487	111
0	0
17	0
18	4
10	16
1	51
16	41
68	152
0	0
0	21
0	1
23	149
1	107
0	163
0	138
1	116
0	110
2	117
20	0
52	0
1	510
1257	0
0	0
0	0
0	1
0	0
0	0
12	419
0	9
2	9
1	316
63	656
11	647
12	27
14	32
0	0
0	10
1	4
38	0
453	0
2	2
0	245
272	1
13	0
1	0
7	19
1	52
0	0
1	0
15	138
28	101
1	1086
4	0
567	410
3	23
2	0
10	3837
0	177
44	0
190	36
2	144
137	627
24	626
2	639
2	639
4	639
76	2973
0	1153
3	1055
94	1290
183	1229
151	0
0	0
301	3
0	0
0	0
0	0
0	0
0	0
0	0
0	0
0	0
0	0
0	0
508	47
3	0
149	0
0	0
0	151
11	0
49	35
2	568
0	46
0	48
24	0
0	22
3	3207
2	105
35	11
3	11
6	78
0	0
0	0
0	0
0	0
0	0
0	0
0	0
0	0
0	0
9	9
0	58
9	731
2	0
31	45
0	28
180	0
0	0
0	13
0	13
0	0
27	60
1	192
6	70
7	0
53	0
195	0
89	0
0	0
0	0
0	0
0	0
0	0
0	0
0	0
29	0
182	6
0	0
1	13
0	21
6	649
2	646
24	0
1	34
4	32
11	405
6	0
0	21
0	18
2	21
0	18
0	15
0	18
1	15
3	0
0	77
0	74
10	0
10	3755
28	3350
15	3360
23	3611
10	3206
5	3209
85	3206
208	0
24	222
4	248
29	235
1	304
0	304
1	304
0	0
377	0
0	2
0	0
0	58
2	39
1	0
9	46
9	0
18	0
193	0
15	4
24	0
53	8
6	0
70	0
0	47
14	826
78	208
28	0
1	0
0	2
406	11
229	0
5	12
4	93
11	91
4	1115
0	0
0	320
4	154
4	499
95	9
16	0
97	0
2	0
1	0
0	0
16	0
0	14
0	15
0	14
0	24
0	4
0	23
0	6
0	6
0	4
0	5
0	3
0	3
1	23
2	0
0	0
1	0
3	0
35	0
19	14
0	0
1	31
0	31
8	0
13	0
43308	0
0	6
0	6
0	6
1	6
0	1
55	82
17	0
59	13
9	17
0	0
0	2
0	64
14	52
6	50
0	52
1	52
422	127
0	0
0	290
4	242
3	182
3	0
41	0
12	0
1	16
0	0
0	3
0	0
0	2
0	2
87	0
60	0
1	0
85	0
0	0
0	5
190	1
1	2
0	0
1	0
11	0
1	63
38	63
0	1597
0	16
1	364
38	357
2	356
0	355
0	349
0	334
27	342
1	354
0	358
3	357
1	320
0	354
1	350
5	162
3	358
3	219
2	162
0	351
2	158
0	354
0	348
0	214
0	349
1	351
1	346
1	352
5	353
0	0
0	0
0	0
0	0
0	0
2	0
0	0
33	0
0	7
3	0
0	0
135	0
128	23
2	0
5	1158
2	0
7548	0
4	93
3	93
20	93
0	45
482	34
9	0
4	74
9	61
3	1
1	1
2	1
168	0
390	0
8	2320
63	0
75	0
3	0
52	0
17	0
244	5
1	0
1	7
296	467
20	467
0	0
94	0
0	4
0	9
185	0
0	0
3	119
2392	9
29	292
2	58
0	58
1	9
0	9
0	0
203	0
0	1
0	1
0	1
0	0
11	1
1	1
0	1
3	27
2	24
10	0
3	0
16	0
0	154
0	8
86	1
14	89
14	0
0	2
71	233
0	208
5	155
37	94
2	733
0	761
2	692
0	710
8	710
2	680
37	676
1	691
78	149
8	149
9	166
3	0
70	636
2	0
0	32
6	46
1	46
0	0
5	0
51	0
1	113
2	117
0	0
0	0
2	2
2	2
544	0
234	5062
59	0
49	160
0	0
0	74
3	67
0	121
0	0
0	0
0	0
4	4
80	16
1137	120
3	50
2	44
1	291
2	99
11	95
1	64
7	79
0	2
7	75
0	75
1	0
27	151
0	0
0	2472
9	4
0	2
1	87
26	0
1073	148
21	0
47	1047
108	1047
13	0
60	291
216	3285
9	0
2	0
251	0
5	0
3	0
11	410
12	409
0	0
27	6
7	0
0	0
0	0
0	0
0	0
0	0
0	0
0	0
0	0
0	0
0	0
0	11
1	0
29	197
6	0
86	0
26	0
0	261
0	0
11	35
41	85
7	12
0	22
0	0
6	0
197	0
0	0
4	0
0	0
93	0
10	13
15	613
0	432
10	4
1	4
26	0
3	11
0	12
1	0
3	2
0	0
19	0
0	0
17	93
0	112
24	474
0	0
1	118
2	0
2	421
45	37
0	37
0	24
3	15
17	1
0	26
0	224
74	0
8	0
2	12
14	35
27	0
0	0
0	0
50	118
18	0
5494	0
193	961
207	953
0	0
0	160
13	7
3	3322
2	67
1	61
62	78
2	45
1	0
5	0
0	0
19	0
0	0
0	0
0	0
0	29
1	29
1	3
0	28
0	0
0	0
0	0
11	1
304	0
25	0
56	55
7	20
4	20
14	0
44	80
0	0
2	1
0	1
37	11
20	0
1	0
57	94
33	82
8	57
1	122
0	5
4	5
9	2
4	884
0	10
26	449
0	0
45	0
8	0
0	0
0	0
1	34
57	1454
44	1270
0	3
0	3
0	0
8	0
0	35
6	35
5	0
4	44
10	0
61	0
15	4183
2	0
0	0
0	0
9	70
47	1
3	1
388	2
33	3
9	0
0	17
0	17
1	16
0	15
19	20
0	20
2	1956
0	0
35	41
0	0
0	0
7	1605
35	1598
22	995
1	559
0	71
3	89
0	15
5	10
3	9
2	13
4	0
0	43
4	35
12	508
8	500
91	500
1381	0
30	69
14	69
0	0
0	0
0	0
206	685
1	0
625	4924
2	80
5	85
602	0
8	0
0	0
4	0
13	0
0	80
2	67
19	45
5	57
0	0
0	5
0	2
0	2
0	2
0	2
0	2
0	2
2	0
0	56
106	26
6	0
0	256
2	0
1574	5
5	0
3	0
152	0
2	15
21	934
163	0
96	16
34	2
29	0
11	0
0	0
4	0
45	0
135	0
1579	0
47	0
0	0
0	0
0	2
0	1
0	0
128	0
42	43
16	146
4	146
3	0
236	0
0	11
1	10
2	8
0	2
205	2
24	96
51	0
7	7
1	6
151	13
0	14
8	9
0	9
0	9
45	73
0	0
1	7
0	4
20	0
13	0
1	56
17	23
2	53
31	0
10	0
290	0
6	0
29	230
1	21
12	21
1	27
7	21
11	459
13	335
18	439
10	6
3	0
0	0
0	0
15	0
0	0
53	117
1	9
0	9
83	48
4	9
19	0
0	0
26	4
25	4
9	718
216	8
0	0
0	0
0	11
10	0
3	0
2	0
548	0
0	0
37	0
4	6
0	20
6	0
2	0
0	0
0	0
1	26
4	0
2	46
183	0
5	2
0	0
177	0
0	0
4	0
197	0
161	0
0	3
19	384
7	384
0	0
7	17
11	18
1	18
0	42
6	42
1	37
0	38
1	0
1	0
8	0
1	0
0	1
3	0
0	0
2	0
21	1
7	1
822	36
1	210
17	0
1	0
30	307
2	307
6	75
3	2
34	0
0	297
45	0
0	1
1	1
6	0
0	5
585	0
22	2
24	25
0	0
0	0
0	0
0	34
2	31
3	34
1	28
128	102
15	249
34	208
4	205
0	170
0	202
7	0
11	39
21	1
0	329
4	130
8	345
16	44
0	0
1	8
6	104
8	104
1	104
31	799
1	380
2	380
1	0
544	2
41	1
0	0
0	0
0	0
0	0
10	641
17	0
55	95
0	0
1	25
0	21
2	0
0	19
1	19
33	242
39	67
12	0
0	0
14	0
10	1
0	47
25	62
2	40
0	4
1364	5
576	0
0	0
16	122
5	273
3	0
4	97
98	0
10	7
2	38
0	6
117	57
81	0
19	23
12	0
16	0
189	0
44	0
2	1
153	0
1	0
5	0
150	18
254	1672
0	0
0	1
63	0
172	0
18	0
5	0
439	0
0	0
0	0
14	0
0	0
0	5
37	0
6	0
16	0
878	51
0	24
0	24
17	804
5	0
0	19
0	19
8	3
0	3
172	0
517	0
116	0
6	0
3	10899
76	12355
46	0
66	2
6	0
0	0
727	1336
0	19
63	1476
28	0
2	8
0	10
0	4
0	1
0	111
0	4
0	9
0	0
3	10
15	117
1	0
0	2
4	2
1	22
0	0
1	13
0	12
0	9
3	76
14	76
0	0
4	0
0	0
97	0
17	1
12	25
0	0
95	1
0	0
0	0
40	214
19	0
14	0
69	562
0	0
8	1
6	0
3	0
0	1
1	0
0	0
0	0
0	0
24	0
0	0
518	0
5	0
0	1
185	116
0	62
0	62
0	2
10	0
17	0
53	120
0	102
364	97
0	1
5	33
1	0
204	0
117	2960
9	20
101	3001
253	2905
171	2957
103	2
0	1
400	79
2	0
13	0
16	5
0	14
4	0
9	1280
6	0
82	0
0	13
1	12
2	8
0	8
20	0
62	254
11	3
50	0
25	0
1	1
0	1
0	0
0	92
0	6
18	0
21	65
13	0
33	0
8	176
0	156
367	8
0	0
0	0
14	47
38	3
2	27
6	16
12	17
13	14
0	7
0	7
0	7
0	12
0	10
1	9
19	0
79	198
0	1
0	1
0	1
10	0
22	0
758	0
0	177
31	0
30	0
1295	0
4	1499
0	0
0	0
12	0
26	0
10	70
9	365
0	44
0	36
10	0
2	0
3127	0
13	599
10	595
8	0
